Parsing time	Functional matching time	Corpus time	Semantic matching time	Syntactic matching time	Ordering time	QoS matching time	SP matching time	Total matching time
0,002578349	12,83821897	0,005881291	12,02365007	0,722527725	0,01080412	0,038540495	0,016151473	12,90665891
0,002072226	2,121113692	0,005834678	1,373907564	0,65689375	0,010319321	0,029172335	0,006917675	2,168902446
0,002034336	5,30951359	0,005420471	4,331033466	0,853886849	0,010566183	0,053955516	0,013528295	5,400424095
0,001851356	5,431818393	0,005626665	4,560473932	0,744152754	0,010052656	0,015372193	0,004484769	5,463196873
0,002017921	12,14798437	0,005362213	11,36721232	0,693575419	0,010010664	0,013133045	0,003102573	12,17389138
0,002548132	11,40641276	0,005553468	10,60529554	0,704825189	0,016086149	0,017263606	0,003849305	11,46303444
0,0043623	4,795661206	0,006446906	3,990985968	0,712581665	0,011204116	0,055825008	0,013861216	4,896939066
0,001674681	2,115678206	0,005688291	1,373283186	0,653689667	0,010183055	0,004775247	0,002873944	2,134270328
0,002200642	12,48353202	0,005290858	11,6778822	0,716049532	0,010050368	0,019006871	0,005651259	12,51826383
0,001591766	5,623790145	0,005361367	4,837144989	0,697424896	0,010353654	0,033767324	0,012557267	5,694854546
0,004186963	9,242531605	0,005816191	8,293380377	0,857589591	0,010300127	0,008314049	0,003867729	9,268730499
0,001922774	12,07578852	0,005447237	11,2647922	0,721279351	0,010337863	0,013257076	0,004476106	12,10382772
0,001725469	3,942661135	0,005522601	3,181214719	0,672812499	0,010164552	0,003475511	0,002758437	3,958602145
0,001879842	4,299296937	0,005382563	3,536976715	0,674822254	0,010617453	0,014577096	0,01091968	4,346732048
0,001651016	8,435501441	0,005470331	7,390175822	0,954124453	0,010327346	0,007306771	0,003538862	8,458152717
0,001723964	4,394576265	0,005609329	3,611534035	0,692149251	0,010925782	0,01177681	0,007868965	4,441279372
0,001873981	3,96055226	0,006148111	3,193747905	0,679118033	0,01008032	0,005825161	0,001822479	3,982830505
0,001977208	12,02335649	0,005698597	11,23966309	0,694992971	0,010167053	0,014190125	0,008133147	12,0690279
0,002228473	11,47305247	0,00542413	10,71080083	0,675347357	0,010011897	0,015993069	0,005150602	11,50664607
0,001925015	12,3699173	0,005518673	11,59008989	0,692046868	0,010137436	0,014112492	0,003249657	12,39896047
0,002362035	5,358034531	0,005728548	4,593780653	0,675180583	0,010486573	0,008041861	0,008293697	5,424421547
0,002150979	6,576559663	0,005859256	5,728588405	0,724224897	0,010953964	0,009073972	0,004452804	6,601742947
0,002174206	8,017754456	0,005478519	7,233542947	0,695283956	0,010049369	0,004918502	0,002234949	8,040542892
0,002427849	6,208423007	0,005637927	5,427722759	0,689057167	0,010511376	0,020011154	0,008349422	6,257737826
0,001638743	1,726667933	0,005418354	0,977401683	0,661275425	0,010279978	0,008488389	0,003040078	1,744108732
0,001660724	4,882985285	0,005427871	4,095776946	0,697080661	0,010612135	0,015304125	0,004790017	4,915062077
0,00181804	13,53957737	0,006155241	12,70840312	0,739544459	0,011039615	0,00438214	0,002758338	13,56578516
0,001665521	12,08306975	0,0054002	11,29869658	0,695305313	0,010679755	0,030116155	0,010244313	12,13837938
0,001684362	4,864088402	0,005556017	4,07350991	0,698362405	0,010246108	0,003360059	0,001980928	4,878162276
0,001764912	4,904113983	0,080033278	4,046433201	0,692090875	0,011345479	0,014267622	0,005826576	4,953227267
0,001670929	12,52022189	0,005562243	11,71188488	0,717373491	0,010133536	0,002250641	0,001377494	12,54269513
0,002515778	3,791029653	0,00547445	3,043784104	0,659498404	0,009967141	0,005722642	0,002783826	3,810638226
0,00165543	2,576022186	0,005582362	1,813151997	0,673697	0,010439064	0,009061491	0,004502272	2,610700625
0,001903467	6,033334583	0,005295235	5,18375537	0,761208462	0,01002935	0,008532383	0,005097161	6,068607824
0,001596344	1,946011603	0,005735624	1,221877344	0,637452386	0,009933284	0,004734983	0,003063877	1,975459502
0,001995302	11,32762997	0,00555785	10,55270115	0,687040794	0,010092548	0,00416383	0,003692761	11,34778982
0,001640124	8,716336657	0,005504044	7,935585459	0,691063539	0,010178191	0,005947421	0,002505344	8,73250923
0,002718292	11,34533246	0,005422047	10,56951958	0,687618907	0,009973829	0,004998614	0,003491308	11,36559596
0,001632333	8,325570714	0,005554805	7,519808158	0,712875985	0,010810691	0,009741455	0,005345573	8,361596428
0,001694548	11,79691347	0,005566882	11,01105409	0,698080259	0,010162457	0,004772991	0,002934812	11,82403529
0,002210844	4,47444676	0,005573449	3,709371718	0,674470996	0,011384788	0,016637188	0,006660545	4,520761588
0,00214615	12,2021239	0,005340929	11,42019878	0,692070751	0,011350087	0,019779529	0,012723097	12,2815973
0,00226105	3,851023588	0,005854095	3,101288827	0,662600228	0,010037275	0,006709859	0,004008249	3,886645714
0,003124154	7,331537953	0,005483188	6,565240626	0,677310626	0,010267413	0,007833337	0,002849671	7,35237634
0,002236286	5,037170344	0,005581029	4,250741275	0,696828507	0,010249491	0,00161254	0,001171556	5,047392751
0,002520872	7,321465842	0,005368728	6,558548368	0,674514368	0,010120577	0,004765454	0,004066305	7,351073393
0,001930391	13,81393134	0,005380164	12,98388564	0,742429051	0,010551784	0,012939145	0,009344518	13,87426322
0,001925495	2,550278263	0,005581337	1,787033925	0,673038456	0,010543176	0,008265213	0,004696182	2,586059132
0,001862506	4,488717664	0,005626934	3,699926926	0,69667638	0,010858195	0,011741821	0,006389583	4,532183257
0,002263079	4,798144628	0,005253984	4,005599683	0,702155643	0,010501973	0,003118188	0,002374247	4,814098118
0,002388626	12,54091579	0,005679242	11,73180206	0,717794077	0,010317007	0,003020447	0,001751306	12,56388091
0,001445905	12,25901243	0,00563649	11,45562778	0,702772278	0,010106226	0,001888295	0,001459421	12,26847768
0,00221093	5,338439133	0,00559336	4,569171252	0,680420301	0,010441053	0,008206018	0,004310967	5,363705209
0,001933562	11,97691661	0,005674173	11,17787989	0,710475726	0,010356719	0,012707266	0,008072359	12,01749491
0,001895862	12,36041921	0,005571456	11,5675419	0,702125051	0,01103549	0,014426655	0,00814563	12,4096157
0,002092274	13,21387458	0,005497382	12,15754856	0,962241928	0,012397884	0,006395276	0,006550597	13,23659907
0,002064645	7,251284576	0,005406986	6,46947999	0,691810888	0,010452526	0,005461876	0,003813679	7,273602747
0,001846459	6,655194862	0,005873469	5,862409717	0,701347931	0,011001631	0,007350753	0,005913329	6,698671337
0,001651806	4,603842477	0,005654114	3,623385349	0,890277668	0,010325135	0,011061554	0,004484236	4,631088084
0,002092501	8,059153184	0,005596662	7,272229908	0,696257332	0,010337345	0,003718397	0,00292165	8,088809222
0,001914499	7,323373216	0,005606397	6,531440457	0,699657429	0,010443029	0,006623368	0,00406096	7,354383086
0,001774364	1,702303469	0,005728457	0,96502408	0,649507215	0,009842026	0,007574956	0,002984001	1,733093132
0,001687797	8,532271764	0,005510046	7,773358884	0,67071568	0,010600211	0,003757984	0,001594944	8,543386767
0,002128181	5,587849842	0,006177538	4,713220838	0,70089202	0,010767281	0,010983701	0,00615882	5,641358127
0,002023078	7,860832305	0,006332135	6,945234397	0,824475689	0,010383479	0,006202671	0,004256102	7,884500228
0,002254468	11,97808136	0,005781604	11,19584098	0,693863483	0,010938731	0,012898403	0,007692083	12,01764345
0,001635605	1,969686044	0,00567602	1,237103295	0,645332109	0,010076324	0,006088512	0,003508395	1,988899165
0,00186259	4,902621321	0,005532218	4,092666135	0,719160911	0,010996784	0,015890457	0,007561022	4,9573572
0,002248639	8,012898625	0,005727669	7,23085609	0,692148248	0,010850311	0,009806684	0,00357457	8,052147851
0,002320225	8,200528436	0,005606758	7,393919529	0,714518688	0,010535556	0,014977617	0,005247546	8,241449607
0,001780324	11,38271021	0,005644828	10,59781859	0,692789663	0,010811138	0,005265724	0,002770732	11,40012768
0,002481358	4,910262515	0,005493393	4,006483905	0,81172825	0,010946674	0,011265065	0,007388793	4,950332133
0,001849408	12,62454339	0,006019396	11,57542807	0,921767944	0,010492464	0,006727742	0,004356013	12,65691932
0,002108619	11,47854778	0,00559706	10,66663573	0,720250601	0,01053265	0,007879408	0,004112056	11,50102776
0,001716042	13,20432231	0,005953961	12,30684148	0,802907115	0,01141623	0,013863071	0,007182124	13,24287423
0,001864415	12,45199686	0,006032379	11,64476589	0,715637376	0,010667703	0,01411309	0,010105211	12,50390643
0,001743445	8,518710493	0,005440338	7,712511117	0,716472315	0,010451596	0,005741225	0,003414603	8,557701082
0,002155537	4,319647898	0,005487766	3,554635302	0,674434498	0,010968389	0,014648787	0,009297485	4,369464774