Discovery and Parsing time	Parsing time	Ontology instantiation time	Triples numbers	Initial execution	17,18632535	47757	
0,590301152	0,095535372	0,077156512	47850				
0,738593595	0,037302349	0,073390661	47913				
0,885189627	0,031405832	0,076906397	47976				
1,026026295	0,031506983	0,071607344	48032				
1,170846564	0,032996922	0,073362946	48089				
1,299146639	0,035136731	0,05522416	48130				
1,442445281	0,033722453	0,072045844	48190				
1,576981748	0,03878045	0,058416744	48235				
1,733239783	0,03833988	0,076884577	48296				
1,85787295	0,036495038	0,048036268	48333				
2,043162821	0,042193584	0,073564456	48393				
2,189207127	0,032602419	0,075374095	48452				
2,338475311	0,03629393	0,073326323	48512				
2,464505489	0,031591441	0,056444771	48557				
2,614036223	0,032335863	0,079997656	48614				
2,758863181	0,032459513	0,074024954	48669				
2,88937182	0,035020425	0,055936324	48709				
3,052654011	0,041033435	0,075633327	48772				
3,196019677	0,032449758	0,071693324	48828				
3,327130248	0,035189666	0,056909552	48869				
3,47534369	0,032517346	0,076369229	48924				
3,634825764	0,04777794	0,073954824	48980				
3,784833319	0,036476023	0,07487743	49037				
3,913982019	0,037193576	0,054132927	49078				
4,070870429	0,033303872	0,075023053	49137				
4,199050813	0,031655955	0,057780231	49181				
4,328682621	0,031199271	0,05897914	49229				
4,454584281	0,031875762	0,056224147	49273				
4,578126788	0,032515641	0,053896393	49314				
4,722603288	0,032632905	0,072002623	49374				
4,866130489	0,031699964	0,070943191	49433				
5,015982581	0,031143167	0,075562903	49492				
5,159363553	0,035118632	0,068817816	49548				
5,28449766	0,033643935	0,051291165	49593				
5,41561088	0,036576163	0,056487682	49634				
5,540450651	0,031319553	0,056308453	49675				
5,665418616	0,031859321	0,05633645	49719				
5,788875374	0,032372642	0,053727234	49763				
5,916063513	0,03152935	0,054950376	49808				
6,038457324	0,030772513	0,053711053	49849				
6,15979318	0,031708723	0,0514392	49893				
6,285195544	0,032080262	0,052109308	49934				
6,411520668	0,031506819	0,056689419	49979				
6,532882802	0,031451097	0,052568162	50020				
6,655883022	0,031461358	0,053635459	50060				
6,784514152	0,037369152	0,053084173	50101				
6,918910921	0,040607474	0,055894695	50142				
7,043722635	0,031851044	0,051121176	50179				
7,166376908	0,031961889	0,051858824	50220				
7,328928463	0,058080491	0,060144881	50264				
7,467366788	0,03474121	0,06156063	50309				
7,701480657	0,101562019	0,069884997	50353				
7,930419535	0,08846383	0,066446713	50394				
8,163291932	0,093234739	0,078395051	50435				
8,44213839	0,122277629	0,064737039	50476				
8,66766228	0,091607287	0,069999187	50517				
8,900845854	0,097466524	0,068927339	50561				
9,137928549	0,109672081	0,064244505	50602				
9,345607513	0,076223633	0,066426912	50643				
9,570397089	0,102397401	0,064933275	50683				
9,783643528	0,087143988	0,063316347	50727				
10,0309438	0,099552489	0,065715815	50768				
10,26048098	0,093390667	0,068697871	50812				
10,48742709	0,09268046	0,067082328	50860				
10,68287616	0,07093132	0,063248452	50901				
10,94397966	0,093857134	0,086085405	50960				
11,15703737	0,084505499	0,063777222	51008				
11,41317576	0,11828186	0,068849405	51052				
11,6203553	0,076971574	0,0667489	51092				
11,88710751	0,099467063	0,071408144	51136				
12,09076908	0,081134603	0,061122344	51184				
12,28262621	0,073440899	0,062838143	51225				
12,49704004	0,08593586	0,062918591	51269				
12,73422374	0,112205908	0,063220265	51314				
12,96391782	0,098958221	0,067517167	51355				
13,21815531	0,096311107	0,093028381	51415				
13,47145026	0,099628146	0,074150236	51459				
13,71547084	0,11012043	0,070190993	51499				
13,95835115	0,110982295	0,063731708	51540				
14,23569712	0,12624136	0,074083764	51581				
14,45900884	0,090312295	0,062623205	51621				
14,65929954	0,077526261	0,060477402	51662				
14,89136974	0,107009099	0,064662354	51703				
15,10954622	0,087031677	0,063561825	51744				
15,3319921	0,075638971	0,086056548	51800				
15,55456737	0,099724876	0,059786783	51841				
15,77876359	0,097471001	0,064132093	51886				
16,00198726	0,088798426	0,066067998	51927				
16,21690162	0,087581745	0,065017216	51971				
16,44720956	0,107925903	0,062485744	52016				
16,67680573	0,101234934	0,065668312	52064				
16,88487659	0,075964094	0,072739	52105				
17,09029499	0,078623512	0,063678063	52145				
17,28482706	0,074822025	0,061561892	52186				
17,48510616	0,078483467	0,061538896	52227				
17,71929593	0,103462164	0,066017406	52264				
17,97180242	0,099748164	0,069477189	52308				
18,18462062	0,075674522	0,064266994	52352				
18,39507682	0,084677318	0,064373134	52392				
18,62507148	0,0938335	0,069737216	52437				
18,89044254	0,131839749	0,064546175	52477				
19,09424817	0,072538725	0,073861732	52521				
19,30936813	0,080962455	0,077399577	52562				
19,51919004	0,081523609	0,068535372	52603				
19,72681814	0,077958893	0,066658963	52644				
19,93686558	0,083655887	0,064671306	52680				
20,15502098	0,092168151	0,063814376	52728				
20,35472497	0,070791323	0,069341631	52769				
20,55577006	0,071793535	0,068349667	52813				
20,76984363	0,081526669	0,062884093	52857				
20,9744061	0,076260788	0,068202863	52905				
21,32737874	0,219759872	0,068450589	52945				
21,58459046	0,110332743	0,070558314	52985				
21,81699804	0,096136554	0,067677806	53029				
22,05675039	0,0983289	0,071435359	53074				
22,28426779	0,088160091	0,061637554	53115				
22,49722382	0,077914111	0,075585852	53160				
22,69653515	0,073912429	0,064694369	53201				
22,90595853	0,08367575	0,064707896	53242				
23,1179917	0,087446425	0,063205226	53286				
23,33729535	0,089649592	0,071036547	53327				
23,55317454	0,089569444	0,064394695	53371				
23,77396334	0,096345001	0,059629952	53412				
24,0112659	0,105204818	0,065832359	53460				
24,24079334	0,093664046	0,067009377	53504				
24,4428031	0,074590185	0,065174091	53549				
24,64660311	0,083535924	0,059804113	53597				
24,87679623	0,101101864	0,062553696	53637				
25,08377112	0,082517562	0,060967891	53678				
25,30576546	0,092536748	0,068004165	53722				
25,50001786	0,072596883	0,063035506	53767				
25,7175974	0,094954329	0,062659523	53808				
25,91766808	0,073206256	0,064181781	53852				
26,16737177	0,118123841	0,061345664	53897				
26,43747719	0,124128178	0,06765304	53945				
26,69750756	0,11380696	0,066459655	53989				
26,94004642	0,101934481	0,072517341	54033				
27,1891715	0,107648784	0,070077288	54070				
27,42151755	0,090937555	0,060909127	54114				
27,63797554	0,076262879	0,065898654	54155				
27,86745164	0,098135528	0,072094785	54195				
28,11913713	0,109214501	0,067653718	54239				
28,37686196	0,100504056	0,073521499	54283				
28,61712842	0,08438274	0,066510087	54327				
28,85849621	0,092636997	0,071349241	54371				
29,09174858	0,103864229	0,065407272	54415				
29,2927805	0,077309002	0,062439789	54451				
29,50068119	0,077487998	0,06695921	54492				
29,72387864	0,082423217	0,063508507	54536				
29,94123792	0,086226826	0,069887921	54576				
30,18924437	0,103678963	0,066502973	54621				
30,4132687	0,07919925	0,065905345	54666				
30,60683829	0,070756659	0,063308166	54703				
30,80653688	0,071842653	0,067659125	54744				
31,00791838	0,076918501	0,064492821	54784				
31,21535573	0,07566983	0,068674881	54828				
31,44552997	0,102441835	0,064532485	54872				
31,65322937	0,079981981	0,065979141	54913				
31,87901961	0,101751701	0,062510347	54954				
32,08173118	0,077840177	0,064477075	54995				
32,28400316	0,074998299	0,065707128	55036				
32,48371216	0,070684528	0,067789135	55081				
32,70797238	0,090465502	0,063799031	55122				
32,91534949	0,077648721	0,067787023	55166				
33,12584603	0,081409081	0,063990825	55210				
33,32576051	0,073779338	0,062468467	55254				
33,53107032	0,075691771	0,067411278	55295				
33,75086051	0,086248592	0,067591312	55332				
33,9542477	0,080010559	0,064062099	55376				
34,16535684	0,076797657	0,0645986	55424				
34,3699025	0,07470211	0,065642646	55465				
34,57240889	0,072293799	0,065827393	55506				
34,77559273	0,075766121	0,065448427	55546				
34,98408178	0,083326786	0,065706429	55587				
35,1860175	0,074268426	0,067207256	55624				
35,39301806	0,073047026	0,064960995	55661				
35,6103379	0,078808072	0,070695405	55706				
35,88133032	0,119801466	0,065484948	55751				
36,15961508	0,127931425	0,070315149	55792				
36,44557896	0,11653033	0,077473191	55832				
36,65705613	0,087942638	0,063389509	55876				
36,85575385	0,071803169	0,065138651	55916				
37,06889258	0,076956277	0,072793399	55961				
37,2809607	0,083292882	0,067184502	56002				
37,53030417	0,0957956	0,071899161	56043				
37,74136803	0,07577627	0,066857439	56084				
37,94561209	0,073307906	0,068999663	56128				
38,15580614	0,078531571	0,066574682	56169				
38,381831	0,08498433	0,080442805	56217				
38,62730365	0,099780853	0,067098109	56257				
38,82893971	0,072731635	0,065881426	56305				
39,04278906	0,085768102	0,065201268	56346				
39,2800385	0,103511806	0,066469654	56387				
39,51459455	0,092111771	0,074751107	56431				
39,79980844	0,141443644	0,072068002	56476				
40,05477083	0,108201792	0,073500946	56512				
40,33652716	0,127521802	0,067835195	56553				
40,61029928	0,108288421	0,065511603	56594				
40,85928104	0,096690993	0,070285601	56639				
41,12650431	0,126642549	0,066770317	56680				
41,34111879	0,084903742	0,065993434	56721				
41,5388124	0,073098422	0,062605821	56762				
41,73940433	0,075351637	0,064260455	56803				
41,94874165	0,085517784	0,063958206	56851				
42,17121124	0,078794262	0,07286277	56896				
42,37313287	0,071822208	0,068796579	56940				
42,57194252	0,070818337	0,06717418	56984				
42,78282793	0,083919718	0,064688927	57021				
42,99481756	0,084673086	0,063538785	57062				
43,19200687	0,073315831	0,0584401	57099				
43,39654468	0,075144108	0,066480717	57140				
43,61020398	0,087329075	0,064488653	57181				
43,82393106	0,081527959	0,065389143	57222				
44,02521893	0,075786908	0,062132656	57263				
44,23911811	0,077295625	0,070157666	57307				
44,44653473	0,075971122	0,066012884	57355				
44,67574292	0,090929079	0,071012082	57396				
44,88504968	0,086189088	0,061675413	57437				
45,08827511	0,076803844	0,067385562	57474				
45,30882737	0,074336401	0,06794267	57515				
45,51016956	0,076549646	0,065791957	57555				
45,71361274	0,071179496	0,070414671	57599				
46,05046012	0,214066181	0,063955144	57640				
46,26288245	0,086072384	0,066483756	57680				
46,46239021	0,070852083	0,064630526	57728				
46,66396253	0,074387516	0,063818127	57773				
46,87528248	0,086643784	0,063818775	57818				
47,06914447	0,071628158	0,063151447	57863				
47,2819824	0,085004481	0,066387025	57903				
47,50374324	0,087221557	0,06395519	57944				
47,71483303	0,080644746	0,06390145	57992				
47,92547751	0,088263852	0,061879188	58037				
48,15042602	0,084372005	0,075984918	58082				
48,3550327	0,079296524	0,064292939	58126				
48,56994644	0,09188859	0,059242292	58167				
48,76671209	0,071718915	0,064187997	58211				
48,96866594	0,073682359	0,06878591	58251				
49,17696323	0,082142176	0,065384066	58295				
49,38945734	0,078000913	0,071587605	58339				
49,59724785	0,072661981	0,067442281	58380				
49,79611964	0,075815891	0,063377773	58421				
50,01756015	0,093057643	0,067006499	58465				
50,22025256	0,077359192	0,064023659	58505				
50,42193817	0,078991472	0,06230516	58542				
50,6757955	0,127016711	0,062402307	58583				
50,89048557	0,092430082	0,064341462	58627				
51,10111511	0,077726818	0,068229281	58671				
51,35581237	0,091286343	0,070307	58715				
51,57018953	0,082362637	0,067605048	58756				
51,77424924	0,076344668	0,0668752	58796				
51,978539	0,074783569	0,063362951	58836				
52,18345406	0,073484284	0,064675918	58881				
52,39614149	0,076617252	0,066219369	58921				
52,6121914	0,079178369	0,065426061	58962				
52,81794989	0,075355536	0,064539126	58999				
53,03943176	0,086973006	0,066564538	59040				
53,25664983	0,089267968	0,064112599	59081				
53,46558374	0,07712707	0,064517681	59126				
53,67304361	0,072577311	0,072676903	59170				
53,88265191	0,075651627	0,064585175	59211				
54,12673741	0,104652766	0,072830501	59251				
54,32059816	0,072278992	0,061778235	59291				
54,52477449	0,071736277	0,066958629	59332				
54,72246198	0,070609616	0,063348347	59373				
54,93980017	0,082821903	0,07350345	59417				
55,15669272	0,074466248	0,062479764	59458				
55,36282025	0,072294585	0,065110072	59502				
55,58688407	0,094905481	0,064347237	59543				
55,79759928	0,081530649	0,067562305	59584				
55,99997667	0,073849453	0,06452611	59625				
56,20236046	0,072211963	0,067502948	59669				
56,41857801	0,079214726	0,068406501	59713				
56,65717528	0,10210009	0,073416342	59754				
56,86367082	0,076999172	0,066021129	59798				
57,06707987	0,069953383	0,063964577	59842				
57,26447211	0,06991211	0,062308545	59886				
57,46745998	0,080280038	0,063788861	59927				
57,69997112	0,089292662	0,070455398	59972				
57,96391827	0,12441492	0,068680946	60013				
58,20379592	0,096490447	0,064303025	60050				
58,40875127	0,0761383	0,065860295	60094				
58,62481754	0,083620092	0,070912948	60138				
58,85178738	0,093863468	0,062799903	60179				
59,06689931	0,08229207	0,072943776	60220				
59,28852779	0,087006577	0,066761138	60261				
59,50728012	0,090738342	0,063748901	60309				
59,76232419	0,115144546	0,071777391	60349				
60,01899177	0,108335387	0,067652384	60390				
60,23832505	0,079471438	0,059255127	60431				
60,45346116	0,085428198	0,066904004	60472				
60,65850072	0,077668469	0,063589124	60508				
60,8583767	0,074637939	0,062785122	60549				
61,06274308	0,071230447	0,066316318	60594				
61,26947692	0,080502586	0,06433172	60635				
61,47130555	0,074206232	0,06310544	60676				
61,72192539	0,081771815	0,075239498	60717				
61,92835082	0,074591926	0,066329434	60761				
62,13910454	0,084387544	0,062729778	60797				
62,34317172	0,079618014	0,06198336	60834				
62,55550718	0,080801173	0,069074998	60875				
62,76795255	0,086595959	0,062567725	60911				
62,99033871	0,081427009	0,065565553	60952				
63,19769368	0,073133522	0,063772525	60988				
63,40003995	0,075991283	0,064947652	61029				
63,60118751	0,075639348	0,061405165	61065				
63,81507469	0,085357422	0,065476827	61106				
64,01425428	0,07305512	0,06385631	61150				
64,24623057	0,102461223	0,067839866	61191				
64,49977125	0,101786399	0,068200639	61239				
64,72381725	0,080700611	0,071091276	61283				
64,98513404	0,118289577	0,079584212	61324				
65,20759168	0,092811846	0,066292015	61369				
65,4118883	0,071005793	0,065612649	61410				
65,61493615	0,073658645	0,067307207	61454				
65,84219264	0,084657899	0,065645512	61498				
66,05505503	0,081029255	0,068131628	61539				
66,2694918	0,08396559	0,067176861	61580				
66,48603844	0,077786059	0,071170934	61628				
66,70728987	0,089174676	0,06741095	61672				
66,92297373	0,075885602	0,066490376	61713				
67,13378945	0,079276195	0,065601627	61753				
67,34892128	0,082364436	0,0688016	61793				
67,56196376	0,085598788	0,065452323	61837				
67,77754143	0,084338945	0,065685626	61877				
67,98901394	0,077325867	0,070473179	61925				
68,20396182	0,073931414	0,073008973	61965				
68,41297146	0,077736574	0,06506602	62006				
68,63611248	0,093700916	0,06482123	62050				
68,85629412	0,087278968	0,065373625	62087				
69,07186018	0,080532374	0,071588488	62132				
69,28879836	0,085954597	0,069239568	62177				
69,51393141	0,083839773	0,069157002	62218				
69,74864342	0,091470452	0,076242718	62259				
70,10692863	0,226836106	0,066321258	62300				
70,34709057	0,10580412	0,068622713	62341				
70,56787749	0,084773879	0,069585042	62382				
70,80637968	0,096604327	0,073190798	62427				
71,03172252	0,097079512	0,062919106	62467				
71,28995084	0,120462068	0,062743713	62508				
71,51315797	0,097026731	0,06396934	62552				
71,74774004	0,109303148	0,063160173	62592				
71,96607567	0,079734374	0,064603972	62637				
72,18862308	0,088733111	0,06540361	62681				
72,40715485	0,085011542	0,067022951	62722				
72,61536508	0,074805314	0,062658581	62766				
72,85743822	0,105541857	0,072794051	62810				
73,09469532	0,098467737	0,065887166	62854				
73,31024023	0,08052065	0,065652718	62898				
73,51080144	0,072336934	0,064097769	62939				
73,72866968	0,082191127	0,072086175	62983				
73,94857913	0,078346557	0,074303402	63024				
74,21411751	0,109400763	0,066542518	63065				
74,44932933	0,087902297	0,0674681	63109				
74,67677746	0,082684271	0,062633468	63150				
74,89409691	0,07258179	0,079745253	63194				
75,09730965	0,078593341	0,063459077	63239				
75,31257291	0,08897106	0,062404178	63284				
75,52062015	0,079202986	0,067601853	63325				
75,71662117	0,071464592	0,06195236	63362				
75,94356951	0,088225238	0,06866087	63402				
76,17436149	0,103899983	0,064894103	63447				
76,38875685	0,084753292	0,064429327	63488				
76,60073921	0,079202217	0,066267561	63532				
76,80301168	0,076658317	0,061613661	63573				
77,01093807	0,074048917	0,068931699	63614				
77,22558795	0,071645853	0,068520149	63658				
77,43292742	0,075885795	0,067035533	63703				
77,65715709	0,094876841	0,067932525	63744				
77,86274576	0,078473309	0,062907458	63789				
78,06720425	0,077968949	0,063560669	63830				
78,28990372	0,10015132	0,060525846	63874				
78,50506511	0,089202164	0,059598087	63911				
78,74336299	0,099182095	0,063536788	63952				
78,95748143	0,087651255	0,064770762	63993				
79,18631259	0,074429198	0,076038533	64033				
79,39309471	0,07580857	0,061141702	64070				
79,60387223	0,071552966	0,073618185	64107				
79,82406821	0,085423069	0,072771202	64147				
80,0539786	0,090555822	0,067506236	64191				
80,26593232	0,080341805	0,064244656	64235				
80,48289493	0,073075048	0,068188849	64276				
80,69394798	0,079680193	0,065890639	64324				
80,90095877	0,080756073	0,062118082	64365				
81,13647697	0,104394855	0,063672751	64410				
81,34945533	0,071794699	0,066175544	64454				
81,56657901	0,090901763	0,062203164	64494				
81,78302497	0,084792745	0,061074342	64535				
81,98708593	0,077949625	0,061860923	64575				
82,21894794	0,101417826	0,064703464	64616				
82,43273283	0,084100433	0,066548406	64660				
82,64334123	0,078611684	0,068752177	64700				
82,85077254	0,079864423	0,064721514	64737				
83,09469141	0,115779228	0,061665021	64774				
83,36243565	0,120203254	0,06706936	64818				
83,56554439	0,069820667	0,066653474	64866				
83,80960013	0,085390752	0,078381555	64907				
84,01732102	0,074915278	0,066248322	64948				
84,23522901	0,081673122	0,069250343	64996				
84,44411457	0,075605687	0,065475989	65044				
84,65367572	0,074277554	0,070927981	65092				
84,8806784	0,096140846	0,067606629	65132				
85,10023825	0,090033043	0,064080602	65180				
85,34424349	0,115043057	0,064994159	65225				
85,58658766	0,107614706	0,062908095	65266				
85,8123686	0,074570417	0,087023338	65302				
86,0244756	0,078148996	0,069056965	65346				
86,27918485	0,104287269	0,067922184	65391				
86,51204539	0,096593605	0,069853663	65432				
86,73495247	0,081022859	0,061769864	65469				
86,95908204	0,073758791	0,081556245	65513				
87,18245052	0,08670023	0,063948842	65554				
87,39308096	0,084024574	0,064493292	65598				
87,60435825	0,076918076	0,068218999	65639				
87,82171352	0,084816502	0,069002819	65679				
88,03751255	0,083977485	0,06720991	65723				
88,26294676	0,090190595	0,064069684	65767				
88,48937324	0,094293337	0,065484628	65807				
88,74769525	0,118443282	0,069456124	65848				
88,9943802	0,101579089	0,070720821	65888				
89,24644759	0,105322379	0,06859149	65929				
89,48309914	0,104349368	0,066634622	65970				
89,70815494	0,074849568	0,072311858	66011				
89,93156694	0,085649385	0,073365609	66052				
90,1459705	0,079760048	0,067462224	66093				
90,36094792	0,084006815	0,064808173	66134				
90,62554602	0,130033047	0,06723466	66174				
90,85566205	0,09688582	0,064305361	66215				
91,07252594	0,086015212	0,06757311	66255				
91,28149207	0,081166422	0,062434457	66292				
91,49730728	0,079992938	0,069395392	66328				
91,73180667	0,095639796	0,068784159	66368				
91,96937227	0,08763511	0,066391858	66416				
92,22001506	0,104143557	0,066571883	66457				
92,49349785	0,12609879	0,066086037	66501				
92,73867654	0,096965865	0,066708433	66542				
92,95868148	0,078136643	0,072987335	66583				
93,20220235	0,106903557	0,064883948	66620				
93,43348306	0,091476862	0,069088849	66661				
93,65434314	0,076545965	0,073552536	66702				
93,90719874	0,100639246	0,064425818	66738				
94,11952059	0,075903067	0,067881003	66779				
94,33460746	0,082523052	0,066371969	66827				
94,53895983	0,074186523	0,063968156	66871				
94,75708283	0,084967482	0,069000305	66912				
95,00055957	0,107080418	0,067892425	66953				
95,22841951	0,095004696	0,066074215	66997				
95,45533311	0,08757974	0,072497673	67037				
95,66650508	0,076428041	0,072172841	67081				
95,89912236	0,083326425	0,084401234	67122				
96,10908006	0,078458247	0,066339955	67163				
96,3457798	0,099747302	0,070180652	67204				
96,5698949	0,086608977	0,063252939	67244				
96,78782414	0,083953726	0,067125368	67284				
97,00155194	0,082924774	0,065306201	67328				
97,23517488	0,091988227	0,072771482	67376				
97,45810823	0,083585557	0,067517808	67417				
97,67884376	0,088118407	0,064423405	67457				
97,87656169	0,073525309	0,06026173	67493				
98,11575701	0,108071874	0,067041975	67538				
98,33104149	0,085458608	0,062410465	67579				
98,54396761	0,081047073	0,067165415	67627				
98,76237358	0,08316294	0,066136156	67671				
98,98736778	0,074066499	0,067168463	67715				
99,19984638	0,084851533	0,063118618	67751				
99,42558573	0,083500281	0,068228066	67791				
99,65616638	0,094475978	0,065132875	67832				
99,91436057	0,127070615	0,059236774	67869				
100,2038855	0,124935379	0,074624123	67910				
100,428048	0,093760189	0,06342502	67951				
100,6478213	0,084216186	0,068633284	67991				
100,8790462	0,090379523	0,074035509	68032				
101,0879326	0,077104556	0,063837873	68073				
101,3042393	0,087484341	0,064246087	68110				
101,5074814	0,074066738	0,062746909	68155				
101,7200217	0,077827655	0,062020489	68196				
101,9269766	0,077561703	0,063865872	68237				
102,1442369	0,079323806	0,072347689	68277				
102,3661017	0,078755621	0,071282854	68322				
102,5896783	0,090252309	0,065523831	68366				
102,8039672	0,078879799	0,067988674	68410				
103,0192741	0,080769203	0,063703335	68447				
103,2424293	0,092005832	0,06379914	68484				
103,4610403	0,085106106	0,067769139	68525				
103,6733109	0,083401785	0,064914526	68566				
103,8960967	0,08416139	0,071840016	68610				
104,1491189	0,112498093	0,065213071	68650				
104,3675227	0,083028614	0,067539062	68694				
104,5941087	0,085342657	0,064407164	68735				
104,81277	0,085950973	0,068035689	68776				
105,0352226	0,093458433	0,064706967	68816				
105,2440771	0,077129938	0,065673492	68856				
105,4550893	0,077127165	0,064242918	68904				
105,6683266	0,08527527	0,063199566	68948				
105,890179	0,091459833	0,063882205	68993				
106,1048574	0,076529339	0,066434206	69037				
106,3136246	0,080840851	0,058361044	69078				
106,5562854	0,109862761	0,065015182	69118				
106,7903285	0,088786923	0,066832986	69159				
107,0006429	0,078568624	0,064239207	69199				
107,2367091	0,082907326	0,068486815	69240				
	0,082767324	0,066457945				Initial execution	0,202147519
						Initial execution	0,15989567
						Initial execution	0,187053943