Discovery and Parsing time	Parsing time	Ontology instantiation time	Triples numbers
0	0,00,E+00	0,00,E+00	1118
35,77317616	0,00,E+00	0,00,E+00	1118
1,862285198	3,52,E-01	9,55,E-02	1286
2,110437202	1,15,E-01	7,77,E-02	1387
2,333040128	8,56,E-02	8,35,E-02	1470
2,558421978	9,30,E-02	8,47,E-02	1543
2,789769661	8,88,E-02	9,10,E-02	1618
3,038555923	9,39,E-02	9,72,E-02	1690
3,266600043	9,18,E-02	7,99,E-02	1767
3,489961731	8,63,E-02	8,65,E-02	1835
3,705532345	8,96,E-02	6,06,E-02	1890
3,903237499	7,61,E-02	6,51,E-02	1942
4,10352262	7,31,E-02	8,30,E-02	2015
4,3745312	9,54,E-02	8,28,E-02	2084
4,614829751	1,15,E-01	7,26,E-02	2136
4,838517338	8,76,E-02	8,58,E-02	2207
5,06483408	8,51,E-02	8,85,E-02	2276
5,311975314	1,05,E-01	8,49,E-02	2339
5,518006478	9,62,E-02	6,25,E-02	2391
5,759547467	9,68,E-02	9,34,E-02	2459
5,984220893	8,99,E-02	8,84,E-02	2527
6,185892854	8,51,E-02	6,14,E-02	2579
6,384106842	9,06,E-02	6,27,E-02	2631
6,583133624	9,22,E-02	5,80,E-02	2683
6,718995076	3,75,E-02	4,68,E-02	2735
6,835028013	4,41,E-02	4,71,E-02	2787
6,955213681	3,74,E-02	6,23,E-02	2849
7,072449339	3,05,E-02	6,50,E-02	2917
7,211373027	3,17,E-02	8,55,E-02	2985
7,313098856	3,10,E-02	4,66,E-02	3033
7,427205342	3,18,E-02	6,23,E-02	3101
7,553552428	3,54,E-02	6,78,E-02	3171
7,651083245	2,89,E-02	4,90,E-02	3219
7,787830307	5,29,E-02	4,78,E-02	3271
7,935691951	5,56,E-02	5,90,E-02	3320
8,078912252	5,40,E-02	5,50,E-02	3368
8,300568766	9,30,E-02	8,62,E-02	3437
8,550712521	9,08,E-02	1,04,E-01	3504
8,773755202	8,72,E-02	8,55,E-02	3572
8,981655762	9,14,E-02	6,56,E-02	3624
9,185616856	8,44,E-02	5,92,E-02	3672
9,395271188	8,94,E-02	7,01,E-02	3724
9,630481805	9,36,E-02	8,10,E-02	3787
9,858674159	9,54,E-02	8,22,E-02	3854
10,04368436	8,17,E-02	5,60,E-02	3902
10,28087943	1,00,E-01	8,07,E-02	3969
10,52308512	9,65,E-02	8,91,E-02	4033
10,74559573	9,08,E-02	7,61,E-02	4096
10,87379332	3,84,E-02	6,28,E-02	4163
10,98114812	3,44,E-02	4,87,E-02	4211
11,08726053	3,48,E-02	4,74,E-02	4259
11,20079244	4,09,E-02	4,85,E-02	4307
11,30302391	3,23,E-02	4,69,E-02	4359
11,40174233	3,41,E-02	4,34,E-02	4407
11,50249724	3,19,E-02	4,83,E-02	4459
11,60438409	3,42,E-02	4,53,E-02	4507
11,7173342	3,03,E-02	6,36,E-02	4576
11,81820506	3,04,E-02	5,00,E-02	4624
11,92213016	3,59,E-02	4,57,E-02	4673
12,04670571	2,98,E-02	7,01,E-02	4741
12,19215868	5,05,E-02	7,24,E-02	4805
12,33873079	4,63,E-02	7,76,E-02	4872
12,47488558	4,87,E-02	5,74,E-02	4921
12,61532982	3,44,E-02	8,11,E-02	4984
12,74826735	4,32,E-02	6,32,E-02	5036
12,85948789	3,60,E-02	4,91,E-02	5088
12,96866458	3,10,E-02	5,22,E-02	5136
13,06761118	3,30,E-02	4,32,E-02	5188
13,17239019	3,19,E-02	4,77,E-02	5236
13,30296741	3,70,E-02	7,14,E-02	5304
13,42241215	3,46,E-02	6,25,E-02	5368
13,55335503	3,67,E-02	7,07,E-02	5436
13,66169214	3,32,E-02	5,13,E-02	5488
13,76631285	3,23,E-02	5,01,E-02	5536
13,89052022	3,23,E-02	6,86,E-02	5599
13,99831822	3,33,E-02	5,05,E-02	5651
14,10790569	3,24,E-02	5,47,E-02	5703
14,23639859	3,44,E-02	7,02,E-02	5771
14,35490062	3,23,E-02	6,62,E-02	5838
14,46616142	3,43,E-02	5,00,E-02	5886
14,58081871	4,15,E-02	5,12,E-02	5934
14,68934377	3,55,E-02	4,69,E-02	5982
14,80351211	3,88,E-02	5,15,E-02	6034
14,91300819	3,29,E-02	4,88,E-02	6082
15,04143262	3,53,E-02	7,25,E-02	6141
15,16083957	4,06,E-02	5,07,E-02	6189
15,27134916	3,26,E-02	5,44,E-02	6237
15,37360319	2,76,E-02	5,02,E-02	6285
15,48926636	3,85,E-02	5,21,E-02	6333
15,60580023	3,62,E-02	5,79,E-02	6381
15,71809017	3,54,E-02	5,03,E-02	6433
15,83927684	4,41,E-02	5,07,E-02	6481
15,94350264	3,21,E-02	4,73,E-02	6529
16,06875332	5,47,E-02	4,81,E-02	6577
16,18251002	3,12,E-02	5,75,E-02	6625
16,35023668	7,01,E-02	5,79,E-02	6673
16,51997083	7,27,E-02	5,67,E-02	6725
16,69023581	6,21,E-02	6,14,E-02	6773
16,86893186	7,38,E-02	5,82,E-02	6821
17,09608561	9,21,E-02	8,22,E-02	6884
17,29017129	8,09,E-02	6,56,E-02	6932
17,48473258	8,56,E-02	5,95,E-02	6976
17,69066758	9,24,E-02	6,28,E-02	7024
17,90275051	9,48,E-02	6,28,E-02	7076
18,14980973	1,04,E-01	8,41,E-02	7139
18,39097285	9,37,E-02	9,16,E-02	7207
18,61585241	9,68,E-02	7,14,E-02	7255
18,85192233	1,02,E-01	7,33,E-02	7303
19,07061179	9,81,E-02	6,26,E-02	7351
19,26675113	8,25,E-02	6,16,E-02	7403
19,49425046	1,04,E-01	6,37,E-02	7451
19,69054104	9,35,E-02	5,03,E-02	7499
19,80333616	3,18,E-02	5,54,E-02	7547
19,99015731	1,11,E-01	4,98,E-02	7595
20,11490812	4,03,E-02	5,49,E-02	7643
20,22136792	3,49,E-02	5,03,E-02	7691
20,35239681	3,41,E-02	7,19,E-02	7758
20,45544266	2,98,E-02	5,10,E-02	7802
20,56198159	3,26,E-02	5,13,E-02	7850
20,6635615	3,05,E-02	4,81,E-02	7898
20,77023447	3,24,E-02	5,23,E-02	7946
20,87661877	3,00,E-02	5,28,E-02	7994
20,97617631	3,05,E-02	4,78,E-02	8042
21,07851114	3,39,E-02	4,77,E-02	8090
21,20090181	3,29,E-02	6,40,E-02	8155
21,32524411	4,14,E-02	5,96,E-02	8203
21,44062651	3,68,E-02	5,10,E-02	8255
21,54908967	3,19,E-02	5,38,E-02	8299
21,6759346	4,41,E-02	5,46,E-02	8347
21,79235459	3,38,E-02	5,58,E-02	8395
21,90837126	3,84,E-02	5,10,E-02	8443
22,01187192	3,25,E-02	4,67,E-02	8491
22,13459462	3,12,E-02	6,76,E-02	8539
22,26305778	2,97,E-02	7,03,E-02	8591
22,37405408	3,44,E-02	4,83,E-02	8636
22,48005349	3,08,E-02	5,29,E-02	8684
22,60263676	4,70,E-02	5,07,E-02	8732
22,75177014	5,77,E-02	6,50,E-02	8780
22,95272686	7,99,E-02	7,08,E-02	8828
23,13792615	7,75,E-02	5,91,E-02	8876
23,27192064	4,50,E-02	5,58,E-02	8924
23,37932113	3,42,E-02	5,06,E-02	8976
23,48701251	3,21,E-02	5,13,E-02	9028
23,60697761	3,29,E-02	6,52,E-02	9092
23,73198167	4,17,E-02	5,95,E-02	9140
23,8791584	5,38,E-02	5,86,E-02	9192
24,02875584	5,07,E-02	5,98,E-02	9240
24,22122173	7,74,E-02	6,82,E-02	9288
24,42310939	7,65,E-02	6,71,E-02	9337
24,651661	1,02,E-01	6,71,E-02	9385
24,85680512	9,13,E-02	6,64,E-02	9433
25,05721816	7,68,E-02	7,31,E-02	9477
25,30283055	1,09,E-01	7,44,E-02	9525
25,49012044	7,30,E-02	6,24,E-02	9573
25,70115465	8,33,E-02	7,07,E-02	9621
25,898108	7,77,E-02	6,64,E-02	9669
26,10451993	8,42,E-02	7,08,E-02	9713
26,32060413	8,60,E-02	7,10,E-02	9765
26,53497144	9,72,E-02	6,31,E-02	9813
26,70600513	6,39,E-02	5,26,E-02	9854
26,81992424	3,22,E-02	5,46,E-02	9902
26,92113815	2,99,E-02	4,67,E-02	9950
27,02584598	3,04,E-02	5,09,E-02	10002
27,13134559	3,40,E-02	4,74,E-02	10050
27,24353181	3,57,E-02	5,41,E-02	10102
27,34921985	3,23,E-02	4,94,E-02	10150
27,46197515	3,38,E-02	4,94,E-02	10195
27,57320872	3,29,E-02	5,21,E-02	10239
27,68278149	3,30,E-02	5,01,E-02	10287
27,81077189	4,37,E-02	5,45,E-02	10335
27,91844014	3,14,E-02	4,81,E-02	10379
28,05004511	5,59,E-02	5,22,E-02	10423
28,15402155	3,12,E-02	4,87,E-02	10471
28,2674878	3,44,E-02	5,51,E-02	10519
28,39423407	4,44,E-02	5,46,E-02	10567
28,51297428	3,77,E-02	5,46,E-02	10615
28,62879908	3,97,E-02	4,86,E-02	10660
28,77948004	5,11,E-02	6,78,E-02	10712
28,92582294	4,93,E-02	6,43,E-02	10760
29,07212934	5,30,E-02	5,61,E-02	10808
29,25244022	7,86,E-02	6,22,E-02	10856
29,42018925	6,91,E-02	6,01,E-02	10904
29,58233496	5,95,E-02	5,82,E-02	10952
29,77170096	6,81,E-02	8,03,E-02	11015
29,93273671	6,01,E-02	5,82,E-02	11063
30,10243122	6,22,E-02	6,37,E-02	11112
30,26406905	6,66,E-02	5,67,E-02	11160
30,41552031	5,48,E-02	5,53,E-02	11212
30,56704603	5,26,E-02	5,96,E-02	11260
30,71380826	5,07,E-02	6,17,E-02	11308
30,82878545	3,48,E-02	5,15,E-02	11356
30,94207606	3,81,E-02	4,99,E-02	11404
31,05115458	3,04,E-02	5,27,E-02	11452
31,16171792	3,59,E-02	4,84,E-02	11504
31,28763551	4,18,E-02	5,25,E-02	11552
31,43542003	4,65,E-02	7,14,E-02	11600
31,57861229	4,40,E-02	6,26,E-02	11648
31,70439131	3,82,E-02	5,50,E-02	11700
31,82768966	3,87,E-02	5,51,E-02	11748
31,95331286	4,01,E-02	5,45,E-02	11792
32,09663206	3,99,E-02	7,29,E-02	11852
32,22815569	4,51,E-02	5,32,E-02	11904
32,37145269	5,19,E-02	5,64,E-02	11952
32,52779371	4,98,E-02	7,20,E-02	12000
32,6657211	4,59,E-02	5,67,E-02	12048
32,82674066	6,37,E-02	6,02,E-02	12096
32,98831718	6,59,E-02	5,82,E-02	12144
33,13345258	5,11,E-02	5,67,E-02	12188
33,3004851	6,23,E-02	6,15,E-02	12236
33,47377981	6,46,E-02	6,41,E-02	12280
33,65893868	7,60,E-02	6,21,E-02	12332
33,84343545	7,53,E-02	6,48,E-02	12377
34,03174431	7,99,E-02	5,87,E-02	12422
34,24043709	9,79,E-02	5,97,E-02	12470
34,41769082	6,86,E-02	5,68,E-02	12518
34,59436109	7,39,E-02	5,78,E-02	12559
34,82820493	1,05,E-01	8,17,E-02	12607
35,08402863	1,11,E-01	7,39,E-02	12655
35,31080344	9,21,E-02	7,33,E-02	12700
35,54694883	9,99,E-02	6,98,E-02	12748
35,76006095	9,11,E-02	6,54,E-02	12796
35,97771175	9,78,E-02	6,61,E-02	12841
36,20108712	1,05,E-01	6,36,E-02	12889
36,43566852	9,56,E-02	7,62,E-02	12937
36,86103118	3,04,E-01	6,47,E-02	12981
37,07588191	9,58,E-02	6,12,E-02	13022
37,27380808	7,88,E-02	6,97,E-02	13070
37,49095909	9,29,E-02	6,28,E-02	13119
37,69828478	8,75,E-02	6,64,E-02	13167
37,90628703	8,44,E-02	6,83,E-02	13215
38,12417368	8,44,E-02	7,66,E-02	13263
38,32598073	7,95,E-02	6,41,E-02	13304
38,55648907	9,41,E-02	7,25,E-02	13352
38,72458642	5,83,E-02	5,02,E-02	13396
38,83743608	3,30,E-02	5,47,E-02	13440
38,95293133	3,51,E-02	5,09,E-02	13484
39,07869543	3,97,E-02	5,59,E-02	13536
39,19282476	3,37,E-02	5,25,E-02	13584
39,30524372	3,54,E-02	4,96,E-02	13632
39,43114846	4,61,E-02	5,07,E-02	13680
39,55327732	3,83,E-02	5,60,E-02	13728
39,67614671	4,17,E-02	5,19,E-02	13776
39,8354223	5,78,E-02	5,73,E-02	13824
40,00229697	6,14,E-02	6,20,E-02	13872
40,17625161	6,70,E-02	6,00,E-02	13920
40,34412876	6,38,E-02	5,91,E-02	13964
40,50448733	5,73,E-02	5,52,E-02	14012
40,68448598	7,33,E-02	6,37,E-02	14060
40,8709252	9,56,E-02	5,37,E-02	14108
41,02321148	5,35,E-02	5,58,E-02	14152
41,18359108	5,57,E-02	5,75,E-02	14200
41,42636585	9,99,E-02	7,63,E-02	14248
41,64277524	8,63,E-02	6,63,E-02	14293
41,84497142	7,76,E-02	6,48,E-02	14341
42,05791076	8,45,E-02	6,17,E-02	14385
42,27584297	9,36,E-02	6,87,E-02	14430
42,48094317	8,74,E-02	6,38,E-02	14475
42,7043881	9,30,E-02	6,60,E-02	14519
42,94770844	1,10,E-01	6,98,E-02	14567
43,16830604	8,00,E-02	6,90,E-02	14608
43,38478669	9,11,E-02	6,19,E-02	14656
43,58464433	8,40,E-02	6,53,E-02	14704
43,79130206	8,94,E-02	6,76,E-02	14748
44,02737393	1,03,E-01	6,87,E-02	14796
44,25562516	1,00,E-01	6,60,E-02	14837
44,49215762	1,07,E-01	6,37,E-02	14886
44,71838903	9,04,E-02	7,21,E-02	14934
44,94063889	9,16,E-02	6,61,E-02	14982
45,17203158	1,04,E-01	6,29,E-02	15023
45,42748916	1,22,E-01	7,00,E-02	15071
45,66300425	1,02,E-01	6,96,E-02	15119
45,89801751	1,00,E-01	6,49,E-02	15171
46,13941449	1,08,E-01	6,76,E-02	15223
46,37413527	1,05,E-01	6,38,E-02	15271
46,61189299	1,09,E-01	6,42,E-02	15323
46,84727872	1,08,E-01	6,69,E-02	15371
47,08477395	1,03,E-01	6,71,E-02	15412
47,32380921	1,01,E-01	7,43,E-02	15460
47,55285874	9,78,E-02	6,25,E-02	15504
47,76162298	8,69,E-02	6,33,E-02	15549
47,99475938	1,09,E-01	6,91,E-02	15594
48,2069762	8,29,E-02	6,96,E-02	15638
48,44244865	9,94,E-02	7,19,E-02	15686
48,65919239	9,12,E-02	6,44,E-02	15734
48,86392543	7,91,E-02	6,41,E-02	15779
49,09410147	9,80,E-02	6,70,E-02	15827
49,3210229	1,01,E-01	6,37,E-02	15872
49,53161194	9,11,E-02	6,30,E-02	15916
49,75492307	9,72,E-02	6,72,E-02	15964
49,99416705	1,03,E-01	7,54,E-02	16009
50,23301704	1,03,E-01	6,90,E-02	16053
50,49862367	1,23,E-01	7,42,E-02	16101
50,73301077	1,00,E-01	6,86,E-02	16142
50,95578617	9,91,E-02	6,82,E-02	16186
51,19245972	1,09,E-01	6,31,E-02	16234
51,41460986	9,32,E-02	6,56,E-02	16279
51,64515516	9,53,E-02	7,43,E-02	16327
51,88163954	1,04,E-01	6,76,E-02	16375
52,12275023	1,05,E-01	7,02,E-02	16419
52,35796236	1,02,E-01	6,40,E-02	16463
52,60193071	1,10,E-01	7,00,E-02	16503
52,83906187	1,05,E-01	6,85,E-02	16551
53,09207265	1,24,E-01	6,42,E-02	16595
53,32151911	9,92,E-02	6,49,E-02	16643
53,56117011	1,05,E-01	7,56,E-02	16691
53,77821845	9,03,E-02	6,84,E-02	16735
53,99294676	9,09,E-02	6,18,E-02	16783
54,20750366	8,86,E-02	6,99,E-02	16831
54,44234049	9,75,E-02	6,97,E-02	16880
54,65154971	8,17,E-02	6,52,E-02	16928
54,86620933	8,78,E-02	6,34,E-02	16976
55,09804956	9,01,E-02	8,12,E-02	17021
55,31054341	8,53,E-02	6,53,E-02	17065
55,53886381	1,10,E-01	6,05,E-02	17113
55,75534527	8,59,E-02	7,10,E-02	17161
55,95343023	8,00,E-02	6,53,E-02	17209
56,14709031	7,39,E-02	6,72,E-02	17257
56,34800535	7,69,E-02	6,32,E-02	17305
56,5692859	9,69,E-02	6,62,E-02	17350
56,72629312	4,42,E-02	6,02,E-02	17398
56,84327929	2,85,E-02	5,52,E-02	17443
56,95433293	3,06,E-02	5,53,E-02	17491
57,06798491	2,79,E-02	6,10,E-02	17539
57,17832112	2,94,E-02	5,63,E-02	17584
57,29493945	3,59,E-02	5,65,E-02	17632
57,41097087	3,14,E-02	5,99,E-02	17680
57,52879657	3,44,E-02	5,47,E-02	17724
57,64308544	3,19,E-02	5,58,E-02	17769
57,75638566	3,13,E-02	5,17,E-02	17817
57,8674499	3,17,E-02	5,22,E-02	17861
57,98495524	3,12,E-02	5,85,E-02	17909
58,12365923	3,31,E-02	7,48,E-02	17957
58,26703422	4,92,E-02	5,63,E-02	18002
58,41140909	5,03,E-02	5,64,E-02	18046
58,5907022	7,96,E-02	6,35,E-02	18094
58,97818432	2,75,E-01	6,86,E-02	18138
59,19165148	9,95,E-02	6,18,E-02	18182
59,38718489	7,67,E-02	6,79,E-02	18230
59,58394756	7,73,E-02	6,70,E-02	18278
59,78320702	7,67,E-02	6,86,E-02	18322
59,99290867	9,33,E-02	6,43,E-02	18370
60,19095574	8,75,E-02	5,31,E-02	18415
60,29829132	2,85,E-02	5,29,E-02	18460
60,42115666	2,97,E-02	6,72,E-02	18508
60,53199875	3,08,E-02	5,29,E-02	18552
60,65201446	2,78,E-02	6,76,E-02	18600
60,76101386	2,86,E-02	5,39,E-02	18644
60,8825918	3,79,E-02	5,63,E-02	18688
60,99475681	2,95,E-02	5,67,E-02	18732
61,11681839	3,10,E-02	6,63,E-02	18777
61,22964676	2,95,E-02	5,56,E-02	18825
61,34121134	3,26,E-02	5,46,E-02	18869
61,444374	2,65,E-02	5,27,E-02	18917
61,54810937	2,73,E-02	5,14,E-02	18957
61,65822095	3,07,E-02	5,23,E-02	19005
61,84762822	7,09,E-02	6,38,E-02	19053
62,0476459	8,46,E-02	6,44,E-02	19097
62,25049923	7,68,E-02	6,80,E-02	19141
62,46297603	1,01,E-01	6,32,E-02	19185
62,65279232	7,06,E-02	6,64,E-02	19233
62,83937336	7,07,E-02	6,05,E-02	19278
63,02960489	7,59,E-02	6,22,E-02	19326
63,23372304	7,87,E-02	7,48,E-02	19371
63,42512449	7,22,E-02	6,80,E-02	19419
63,63150586	8,50,E-02	6,55,E-02	19467
63,79548635	5,85,E-02	5,93,E-02	19508
63,9563123	5,79,E-02	6,32,E-02	19556
64,11348555	5,32,E-02	5,73,E-02	19601
64,22955311	3,08,E-02	4,78,E-02	19645
64,34965448	3,74,E-02	5,52,E-02	19693
64,46829422	3,52,E-02	5,51,E-02	19737
64,60093245	3,48,E-02	6,55,E-02	19785
64,72122229	3,34,E-02	5,78,E-02	19825
64,83517199	3,07,E-02	5,64,E-02	19873
64,94481855	3,19,E-02	5,10,E-02	19918
65,06725896	4,04,E-02	5,08,E-02	19966
65,18379434	3,69,E-02	4,93,E-02	20014
65,29437196	3,43,E-02	5,01,E-02	20062
65,40502383	3,40,E-02	4,85,E-02	20106
65,51715967	3,25,E-02	5,11,E-02	20151
65,63352856	4,04,E-02	4,92,E-02	20196
65,80345405	6,48,E-02	5,91,E-02	20244
65,95962796	5,24,E-02	6,02,E-02	20292
66,11590001	5,71,E-02	5,47,E-02	20337
66,30775965	8,23,E-02	6,33,E-02	20385
66,50753594	8,12,E-02	6,09,E-02	20429
66,69164435	7,80,E-02	5,51,E-02	20473
66,91833979	9,90,E-02	7,08,E-02	20521
67,11358441	7,79,E-02	6,31,E-02	20569
67,23789729	3,47,E-02	5,08,E-02	20617
67,34097921	2,90,E-02	4,70,E-02	20661
67,45690519	3,97,E-02	4,91,E-02	20706
67,56611315	3,37,E-02	4,65,E-02	20754
67,6743288	3,24,E-02	4,85,E-02	20798
67,78099883	3,09,E-02	5,07,E-02	20846
67,88980397	2,93,E-02	5,13,E-02	20894
68,0032139	3,53,E-02	5,01,E-02	20942
68,13550463	3,36,E-02	4,83,E-02	20986
68,24770109	3,08,E-02	4,94,E-02	21030
68,36535653	2,92,E-02	5,94,E-02	21075
68,46972015	2,84,E-02	4,95,E-02	21120
68,58176404	2,90,E-02	5,55,E-02	21164
68,71090959	3,74,E-02	6,14,E-02	21212
68,85402236	3,68,E-02	7,51,E-02	21256
68,97756778	3,34,E-02	6,03,E-02	21304
69,10765852	3,39,E-02	5,93,E-02	21348
69,25179354	5,49,E-02	5,90,E-02	21396
69,40759061	5,44,E-02	5,93,E-02	21436
69,56739847	4,85,E-02	7,45,E-02	21484
69,73642959	6,34,E-02	6,16,E-02	21528
69,93025532	7,60,E-02	6,57,E-02	21569
70,1109765	6,49,E-02	6,83,E-02	21610
70,33377537	8,21,E-02	7,44,E-02	21654
70,61433543	1,59,E-01	6,80,E-02	21702
70,84007701	8,91,E-02	7,19,E-02	21750
71,05103673	8,45,E-02	6,80,E-02	21794
71,27453389	9,16,E-02	6,74,E-02	21834
71,50058252	9,49,E-02	6,80,E-02	21882
71,73104335	9,22,E-02	7,46,E-02	21930
71,94386554	8,35,E-02	7,88,E-02	21978
72,17467381	8,64,E-02	6,96,E-02	22026
72,29206194	3,28,E-02	5,53,E-02	22070
72,40229608	2,87,E-02	5,36,E-02	22111
72,51192883	2,82,E-02	5,47,E-02	22155
72,63303572	3,98,E-02	5,34,E-02	22200
72,74474154	2,83,E-02	5,60,E-02	22248
72,85736934	3,01,E-02	5,67,E-02	22292
72,97234602	3,16,E-02	5,34,E-02	22340
73,09025235	2,87,E-02	5,52,E-02	22380
73,24208101	2,96,E-02	7,79,E-02	22432
73,35781251	2,76,E-02	5,97,E-02	22480
73,47423095	2,94,E-02	5,96,E-02	22524
73,58627443	2,98,E-02	5,31,E-02	22572
73,70698421	3,01,E-02	6,10,E-02	22617
73,84513525	5,02,E-02	6,09,E-02	22662
73,98253888	3,92,E-02	6,73,E-02	22710
74,10366784	3,26,E-02	5,40,E-02	22758
74,21914162	3,02,E-02	5,67,E-02	22802
74,33213699	2,82,E-02	5,69,E-02	22850
74,45929443	2,95,E-02	6,60,E-02	22898
74,57401458	2,92,E-02	5,73,E-02	22942
74,68403355	3,03,E-02	5,18,E-02	22986
74,80575055	2,83,E-02	6,62,E-02	23030
74,9317541	2,87,E-02	7,08,E-02	23074
75,03762066	2,73,E-02	5,00,E-02	23118
75,16255236	3,25,E-02	6,13,E-02	23166
75,28224108	3,61,E-02	5,49,E-02	23211
75,39930267	3,12,E-02	5,73,E-02	23252
75,51669851	3,25,E-02	5,37,E-02	23293
75,63192928	3,04,E-02	5,50,E-02	23338
75,74808791	2,69,E-02	6,07,E-02	23382
75,88422193	2,70,E-02	7,90,E-02	23427
75,99890452	3,02,E-02	5,60,E-02	23472
76,11774757	3,22,E-02	5,94,E-02	23520
76,287323	7,84,E-02	6,43,E-02	23564
76,4685275	6,67,E-02	6,80,E-02	23608
76,65971412	6,82,E-02	6,91,E-02	23652
76,88004082	9,59,E-02	6,85,E-02	23696
77,09629291	8,47,E-02	6,96,E-02	23740
77,32015241	9,00,E-02	7,12,E-02	23784
77,55037683	9,98,E-02	7,26,E-02	23828
77,76380106	8,74,E-02	7,31,E-02	23876
77,97787774	9,31,E-02	7,08,E-02	23924
78,2088076	9,44,E-02	7,49,E-02	23969
78,45166198	9,66,E-02	7,62,E-02	24014
78,68381623	9,65,E-02	7,24,E-02	24058
78,9155199	9,07,E-02	7,03,E-02	24106
79,14395805	9,70,E-02	6,96,E-02	24151
79,40126912	1,07,E-01	7,77,E-02	24199
79,62543237	9,39,E-02	6,91,E-02	24247
79,84292549	8,79,E-02	6,87,E-02	24295
80,05669141	7,90,E-02	7,74,E-02	24336
80,25654318	7,76,E-02	6,79,E-02	24380
80,47824492	9,88,E-02	7,13,E-02	24428
80,68158855	8,33,E-02	6,37,E-02	24472
80,90363765	9,10,E-02	6,63,E-02	24516
81,12883165	9,23,E-02	7,23,E-02	24557
81,37500101	1,02,E-01	8,75,E-02	24598
81,62326534	1,01,E-01	7,48,E-02	24646
81,88328461	1,20,E-01	7,34,E-02	24690
82,11848708	9,73,E-02	7,49,E-02	24738
82,3589277	1,01,E-01	6,66,E-02	24779
82,57644131	8,21,E-02	7,06,E-02	24820
82,81398928	9,80,E-02	7,81,E-02	24868
83,03162646	8,70,E-02	7,16,E-02	24916
83,25479962	9,26,E-02	6,46,E-02	24960
83,46256094	8,30,E-02	6,79,E-02	25004
83,67847647	8,60,E-02	7,05,E-02	25052
83,88784109	7,80,E-02	6,77,E-02	25100
84,09733144	8,29,E-02	6,71,E-02	25148
84,3478656	1,20,E-01	7,05,E-02	25196
84,54332441	8,05,E-02	6,41,E-02	25241
84,75804059	8,86,E-02	6,66,E-02	25285
84,95873636	7,52,E-02	6,67,E-02	25329
85,16189979	8,24,E-02	6,69,E-02	25377
85,28518495	3,28,E-02	6,19,E-02	25421
85,40916606	3,12,E-02	5,25,E-02	25465
85,52318821	3,02,E-02	5,48,E-02	25513
85,64493651	3,55,E-02	5,72,E-02	25557
85,77155125	3,63,E-02	5,90,E-02	25602
85,89225646	3,45,E-02	5,72,E-02	25650
0,078370106			
0,141498592			
0,057711193			