Discovery and Parsing time	Parsing time	Ontology instantiation time	Triples numbers
0,00	0	0	25654
12,85	0	0,00E+00	25654
0,60	1,42E-01	7,70E-02	25742
0,77	5,36E-02	7,49E-02	25801
0,94	5,23E-02	7,41E-02	25860
1,11	5,52E-02	8,04E-02	25920
1,29	5,34E-02	8,04E-02	25980
1,44	5,87E-02	5,76E-02	26024
1,62	5,81E-02	7,19E-02	26087
1,80	6,78E-02	7,32E-02	26143
1,99	6,41E-02	7,02E-02	26206
2,17	5,43E-02	8,72E-02	26271
2,34	6,12E-02	6,82E-02	26331
2,54	6,35E-02	7,51E-02	26387
2,75	7,23E-02	8,34E-02	26447
2,93	5,93E-02	7,69E-02	26506
3,12	8,19E-02	5,71E-02	26547
3,29	7,07E-02	5,50E-02	26592
3,47	5,67E-02	7,96E-02	26652
3,65	7,42E-02	5,54E-02	26700
3,86	7,96E-02	7,27E-02	26759
4,05	7,09E-02	7,64E-02	26818
4,23	5,38E-02	7,50E-02	26874
4,40	5,39E-02	8,32E-02	26934
4,60	6,79E-02	8,29E-02	26994
4,79	6,02E-02	8,33E-02	27053
4,97	5,86E-02	8,01E-02	27112
5,14	7,20E-02	6,02E-02	27156
5,35	7,99E-02	7,81E-02	27215
5,55	7,57E-02	7,43E-02	27274
5,74	7,70E-02	6,62E-02	27314
5,91	6,37E-02	6,52E-02	27362
6,11	5,92E-02	9,30E-02	27418
6,28	5,20E-02	8,05E-02	27481
6,44	5,34E-02	5,72E-02	27521
6,60	5,88E-02	6,27E-02	27566
6,79	6,77E-02	7,64E-02	27629
6,98	9,31E-02	5,38E-02	27674
7,19	9,39E-02	5,61E-02	27719
7,35	5,44E-02	6,38E-02	27759
7,53	6,33E-02	7,23E-02	27815
7,71	5,54E-02	7,90E-02	27874
7,91	8,44E-02	7,96E-02	27938
8,16	9,13E-02	9,18E-02	28001
8,36	8,63E-02	6,05E-02	28049
8,58	9,51E-02	7,32E-02	28112
8,76	5,45E-02	7,89E-02	28175
8,93	7,89E-02	5,67E-02	28219
9,11	5,74E-02	7,39E-02	28275
9,30	9,01E-02	5,70E-02	28323
9,54	9,32E-02	8,49E-02	28379
9,76	8,59E-02	8,11E-02	28435
9,99	8,11E-02	8,42E-02	28498
10,16	5,55E-02	5,90E-02	28542
10,33	6,53E-02	6,02E-02	28590
10,52	6,99E-02	7,72E-02	28653
10,72	7,47E-02	7,84E-02	28709
10,88	5,62E-02	5,84E-02	28753
11,05	5,99E-02	6,99E-02	28812
11,21	5,29E-02	7,10E-02	28871
11,38	5,30E-02	7,42E-02	28931
11,54	5,34E-02	5,83E-02	28979
11,72	8,04E-02	5,65E-02	29019
11,92	8,14E-02	5,99E-02	29063
12,09	5,43E-02	5,80E-02	29107
12,28	7,37E-02	6,19E-02	29148
12,43	5,28E-02	5,78E-02	29192
12,59	5,27E-02	6,12E-02	29236
12,75	5,71E-02	6,07E-02	29280
12,94	6,09E-02	7,31E-02	29335
13,11	6,09E-02	6,12E-02	29376
13,26	5,27E-02	5,63E-02	29420
13,41	5,54E-02	5,49E-02	29468
13,56	5,51E-02	5,02E-02	29505
13,71	5,31E-02	5,17E-02	29546
13,87	5,53E-02	5,53E-02	29587
14,01	5,36E-02	5,16E-02	29632
14,17	5,92E-02	5,35E-02	29684
14,32	5,31E-02	5,50E-02	29732
14,48	5,80E-02	5,75E-02	29776
14,65	7,10E-02	5,74E-02	29820
14,80	5,46E-02	5,66E-02	29860
14,97	5,74E-02	5,87E-02	29908
15,12	5,31E-02	5,92E-02	29956
15,28	5,61E-02	5,99E-02	30001
15,44	5,61E-02	6,13E-02	30049
15,60	5,60E-02	6,16E-02	30097
15,76	5,57E-02	6,71E-02	30137
15,93	6,19E-02	5,87E-02	30185
16,09	5,77E-02	6,13E-02	30233
16,27	5,82E-02	6,64E-02	30278
16,44	6,56E-02	5,55E-02	30319
16,60	5,89E-02	5,69E-02	30360
16,75	5,33E-02	5,47E-02	30404
16,93	5,12E-02	8,19E-02	30463
17,08	5,45E-02	5,63E-02	30511
17,23	5,48E-02	5,58E-02	30556
17,38	5,27E-02	5,53E-02	30600
17,55	6,49E-02	5,99E-02	30648
17,71	5,74E-02	5,79E-02	30692
17,87	5,67E-02	5,58E-02	30736
18,06	9,39E-02	5,52E-02	30777
18,26	8,48E-02	6,34E-02	30822
18,46	7,80E-02	5,69E-02	30870
18,63	6,19E-02	5,95E-02	30918
18,78	5,05E-02	5,70E-02	30962
18,98	9,62E-02	6,25E-02	31010
19,19	8,55E-02	6,36E-02	31058
19,38	8,20E-02	5,80E-02	31102
19,58	8,28E-02	6,42E-02	31146
19,76	5,43E-02	6,14E-02	31190
19,91	5,60E-02	5,45E-02	31230
20,08	6,42E-02	5,73E-02	31275
20,31	1,25E-01	6,07E-02	31323
20,50	9,23E-02	5,63E-02	31363
20,71	6,34E-02	7,77E-02	31415
20,88	6,68E-02	6,14E-02	31463
21,05	7,14E-02	5,54E-02	31504
21,22	6,25E-02	5,54E-02	31548
21,40	5,71E-02	5,91E-02	31596
21,56	5,54E-02	5,58E-02	31636
21,74	5,82E-02	7,71E-02	31692
21,90	5,44E-02	5,64E-02	31737
22,07	5,82E-02	6,16E-02	31785
22,22	5,29E-02	5,87E-02	31829
22,39	6,89E-02	5,74E-02	31874
22,55	6,07E-02	5,64E-02	31914
22,71	5,15E-02	5,86E-02	31959
22,86	5,51E-02	5,65E-02	32003
23,01	5,32E-02	5,68E-02	32044
23,18	6,05E-02	5,99E-02	32092
23,34	5,30E-02	5,88E-02	32140
23,52	8,60E-02	5,79E-02	32181
23,69	7,40E-02	5,42E-02	32222
23,91	9,25E-02	7,58E-02	32285
24,09	6,31E-02	5,85E-02	32329
24,26	6,65E-02	6,00E-02	32370
24,41	5,33E-02	5,71E-02	32414
24,58	5,46E-02	7,37E-02	32473
24,74	5,84E-02	5,49E-02	32518
24,92	5,23E-02	6,20E-02	32559
25,08	5,28E-02	5,81E-02	32603
25,23	5,18E-02	5,93E-02	32647
25,39	5,29E-02	5,79E-02	32692
25,55	5,45E-02	5,81E-02	32737
25,72	5,31E-02	5,99E-02	32782
25,88	5,55E-02	6,46E-02	32823
26,05	5,95E-02	6,49E-02	32867
26,21	5,31E-02	5,90E-02	32911
26,38	5,16E-02	6,27E-02	32952
26,54	5,23E-02	6,83E-02	32996
26,70	5,31E-02	5,80E-02	33044
26,86	5,67E-02	6,13E-02	33088
27,02	5,64E-02	6,13E-02	33136
27,19	5,72E-02	6,29E-02	33180
27,35	5,58E-02	5,81E-02	33228
27,51	6,22E-02	6,09E-02	33272
27,69	6,56E-02	6,07E-02	33317
27,86	6,97E-02	6,06E-02	33357
28,02	5,21E-02	6,66E-02	33402
28,19	5,80E-02	6,55E-02	33450
28,38	7,94E-02	6,29E-02	33494
28,54	5,53E-02	6,22E-02	33538
28,70	5,11E-02	7,10E-02	33583
28,86	5,45E-02	5,77E-02	33631
29,07	8,53E-02	6,52E-02	33672
29,27	7,90E-02	6,89E-02	33717
29,46	6,50E-02	7,37E-02	33761
29,63	5,46E-02	6,17E-02	33809
29,79	5,52E-02	6,17E-02	33854
29,96	5,97E-02	6,86E-02	33898
30,14	5,67E-02	6,87E-02	33939
30,30	5,54E-02	6,42E-02	33979
30,47	6,09E-02	6,17E-02	34020
30,66	5,60E-02	8,33E-02	34079
30,83	6,28E-02	6,73E-02	34124
30,99	5,66E-02	5,65E-02	34160
31,16	6,02E-02	5,97E-02	34201
31,33	5,67E-02	7,20E-02	34245
31,53	8,43E-02	6,43E-02	34293
31,73	7,24E-02	6,36E-02	34337
31,91	5,99E-02	6,49E-02	34381
32,15	8,41E-02	9,00E-02	34422
32,37	8,33E-02	6,42E-02	34466
32,57	7,33E-02	6,74E-02	34506
32,73	5,88E-02	6,31E-02	34547
32,92	6,55E-02	6,48E-02	34592
33,09	5,25E-02	6,55E-02	34636
33,26	4,89E-02	7,06E-02	34680
33,40	4,36E-02	6,33E-02	34725
33,57	5,70E-02	6,12E-02	34773
33,73	5,40E-02	6,24E-02	34814
33,90	5,45E-02	7,71E-02	34858
34,07	5,60E-02	6,66E-02	34902
34,26	5,66E-02	8,11E-02	34947
34,42	5,32E-02	6,69E-02	34991
34,58	5,38E-02	6,28E-02	35035
34,75	5,96E-02	6,50E-02	35080
34,92	5,25E-02	7,07E-02	35128
35,09	5,58E-02	6,44E-02	35173
35,26	5,86E-02	6,72E-02	35218
35,43	5,56E-02	6,40E-02	35266
35,59	5,39E-02	6,15E-02	35310
35,75	5,25E-02	6,64E-02	35351
35,93	5,60E-02	7,11E-02	35399
36,12	5,24E-02	7,15E-02	35440
36,29	5,12E-02	8,15E-02	35484
36,46	5,29E-02	7,31E-02	35532
36,64	6,21E-02	7,22E-02	35577
36,81	5,06E-02	7,20E-02	35622
36,99	5,49E-02	7,05E-02	35663
37,16	5,11E-02	7,38E-02	35707
37,33	5,33E-02	7,41E-02	35751
37,49	5,41E-02	6,84E-02	35796
37,66	5,42E-02	6,86E-02	35837
37,83	5,09E-02	6,74E-02	35885
38,00	6,23E-02	7,06E-02	35929
38,17	5,26E-02	6,81E-02	35974
38,36	5,15E-02	9,15E-02	36037
38,53	6,11E-02	6,52E-02	36078
38,68	5,19E-02	6,03E-02	36122
38,84	5,51E-02	5,88E-02	36170
39,00	5,44E-02	5,91E-02	36211
39,17	5,18E-02	5,84E-02	36252
39,33	5,55E-02	6,38E-02	36300
39,51	5,76E-02	6,46E-02	36344
39,67	5,33E-02	6,23E-02	36392
39,82	5,58E-02	5,64E-02	36429
40,00	7,54E-02	5,86E-02	36477
40,16	6,12E-02	5,65E-02	36521
40,35	5,91E-02	8,49E-02	36566
40,50	5,19E-02	5,77E-02	36611
40,67	5,95E-02	6,60E-02	36659
40,84	5,83E-02	6,23E-02	36707
40,99	5,61E-02	5,36E-02	36743
41,15	5,76E-02	5,84E-02	36787
41,31	5,45E-02	5,70E-02	36835
41,46	5,50E-02	5,51E-02	36879
41,63	5,70E-02	5,91E-02	36923
41,82	7,05E-02	7,42E-02	36964
42,00	5,49E-02	7,20E-02	37004
42,17	6,99E-02	6,36E-02	37052
42,34	5,39E-02	6,42E-02	37096
42,50	5,34E-02	6,33E-02	37140
42,66	5,24E-02	6,14E-02	37188
42,85	8,26E-02	6,89E-02	37236
43,04	7,07E-02	6,22E-02	37284
43,23	7,74E-02	5,85E-02	37332
43,41	5,55E-02	6,91E-02	37377
43,56	5,45E-02	5,69E-02	37421
43,71	5,07E-02	5,39E-02	37462
43,91	9,20E-02	5,74E-02	37506
1,12E-01			
8,74E-02			
9,28E-02			
9,24E-02			
8,85E-02			