Discovery and Parsing time	Parsing time	Ontology instantiation time	Triples numbers		Initial execution	32,3100503	47757
1,409677555	0,09781946	0,098886325	47845				
1,614037053	0,06817663	0,098667215	47905				
1,777597655	0,052004659	0,073414156	47964				
1,955931594	0,066508864	0,070048705	48012				
2,139398782	0,061327899	0,077138514	48071				
2,317126836	0,054358501	0,075797878	48132				
2,484668207	0,055052727	0,067340482	48180				
2,637368798	0,051031486	0,058724221	48221				
2,804502337	0,05453696	0,068054888	48265				
2,98921535	0,062844128	0,081143445	48325				
3,161784245	0,056605937	0,076430416	48381				
3,339678496	0,055368701	0,080718414	48438				
3,528103904	0,065921506	0,079665599	48489				
3,709915533	0,053769858	0,087575374	48544				
3,903214066	0,055673241	0,098492187	48607				
4,061591496	0,050780003	0,069061465	48648				
4,228118847	0,052441311	0,061233357	48689				
4,379750645	0,053685773	0,055168666	48726				
4,564888356	0,0516339	0,084810061	48785				
4,726647726	0,056437308	0,062821003	48829				
4,906828669	0,055892666	0,078745523	48888				
5,065900544	0,051599806	0,059563707	48932				
5,225331261	0,05733907	0,059088312	48973				
5,426385848	0,067719203	0,082986011	49028				
5,607837913	0,055028072	0,079129004	49087				
6,144455224	0,098039087	0,090463562	49142				
6,390307386	0,09511027	0,093737682	49202				
6,623156038	0,100665143	0,065031351	49250				
6,847994282	0,093199685	0,06988343	49295				
7,089685584	0,090960613	0,084670824	49347				
7,301270378	0,083634854	0,06689119	49387				
7,520675013	0,086465474	0,070910856	49427				
7,731372393	0,080980542	0,07223935	49475				
7,958085342	0,088635627	0,070319278	49520				
8,23383979	0,124020723	0,077632555	49564				
8,521924121	0,136898717	0,069011621	49609				
8,779021212	0,088491028	0,098246725	49672				
8,993344799	0,082760443	0,068659537	49713				
9,233137711	0,086228662	0,092917585	49773				
9,450746025	0,085974752	0,070600538	49814				
9,724959779	0,116993371	0,085294118	49869				
9,993724492	0,121350547	0,069362852	49917				
10,25819345	0,121157431	0,068277916	49962				
10,51372374	0,111566171	0,069873292	50002				
10,76343844	0,094081655	0,086598579	50065				
11,00389254	0,10036494	0,070310166	50106				
11,23273961	0,093743959	0,071320846	50146				
11,46757976	0,106552157	0,066556391	50191				
11,69795046	0,102973021	0,065879179	50232				
11,96276663	0,117287996	0,079715856	50272				
12,20954295	0,10847178	0,071744781	50308				
12,44358099	0,103496869	0,065589198	50352				
12,70440415	0,119770828	0,071858021	50396				
12,94373215	0,103378405	0,063110075	50437				
13,17879104	0,102268947	0,063873268	50478				
13,39571444	0,087018355	0,070183919	50522				
13,62475422	0,100264737	0,067806636	50563				
13,89148794	0,097389615	0,102281268	50623				
14,12339637	0,092739112	0,074935822	50664				
14,34372555	0,090075976	0,069659879	50705				
14,58153048	0,103611553	0,068740965	50746				
14,83864416	0,115268426	0,070417931	50790				
15,09011075	0,102907484	0,066493543	50831				
15,35963354	0,125122642	0,070726448	50875				
15,6079806	0,097498707	0,067149347	50916				
15,82312838	0,084984326	0,070483294	50960				
16,07325364	0,100360275	0,073053802	51001				
16,31288872	0,094652161	0,075768498	51049				
16,5262146	0,082078135	0,067849984	51094				
16,75171321	0,092221587	0,071134799	51134				
16,99458285	0,097097569	0,074636007	51179				
17,2402734	0,100010075	0,0779396	51224				
17,49081468	0,096403144	0,078459761	51268				
17,71215896	0,08127996	0,068549561	51312				
17,95528522	0,104946851	0,071042369	51353				
18,18897498	0,090535211	0,075769609	51398				
18,44949083	0,12079611	0,074755577	51442				
18,73550911	0,09866502	0,094506472	51483				
18,99940432	0,115699302	0,069409938	51523				
19,23849426	0,101873075	0,070940931	51564				
19,46892872	0,085950639	0,082391937	51605				
19,68490534	0,087359196	0,066358475	51649				
19,92871	0,108938784	0,07169803	51693				
20,18433753	0,095058345	0,072463184	51734				
20,41350481	0,088539899	0,068547233	51778				
20,64475857	0,090176459	0,07325264	51822				
20,87243627	0,088251605	0,07262429	51866				
21,14320339	0,120862095	0,07398489	51911				
21,36915687	0,08956055	0,067306844	51952				
21,62445971	0,108687594	0,081260615	52000				
21,87791935	0,105558391	0,0705795	52044				
22,15110154	0,116476849	0,070907731	52085				
22,41475071	0,104950809	0,09277023	52130				
22,63828342	0,080504032	0,064856531	52170				
22,8615658	0,087903743	0,071551576	52211				
23,10274872	0,102830779	0,068514803	52256				
23,34348604	0,108280359	0,068958776	52297				
23,56415861	0,085445117	0,070431408	52341				
23,79605628	0,084414254	0,0669213	52385				
24,04250451	0,09704691	0,076045002	52433				
24,2922711	0,113420349	0,068902259	52474				
24,54883912	0,113122007	0,06745459	52519				
24,84276167	0,140155126	0,072846513	52563				
25,0701262	0,08492451	0,079565019	52604				
25,2857035	0,083562808	0,068605319	52652				
25,50517097	0,092341418	0,065751395	52693				
25,72755719	0,083074001	0,071892967	52734				
25,99019158	0,120115776	0,074115196	52778				
26,20322497	0,083233373	0,070163053	52826				
26,44178869	0,103646368	0,076310467	52867				
26,66992624	0,083867006	0,078494046	52912				
27,03121324	0,234007288	0,066674194	52953				
27,27118749	0,105859546	0,064078878	53001				
27,49536991	0,093672889	0,064984909	53042				
27,74449197	0,112735481	0,069315052	53087				
27,97960999	0,091751639	0,070878856	53135				
28,20246515	0,088767516	0,070053592	53176				
28,44476898	0,088323371	0,070724738	53220				
28,68071315	0,106317765	0,066783221	53264				
28,90786359	0,090020038	0,070524778	53305				
29,17193358	0,129381804	0,069759258	53342				
29,38624286	0,084758316	0,068568498	53383				
29,65996515	0,134868729	0,068323109	53423				
29,95855912	0,133409645	0,079423938	53471				
30,20677838	0,087446803	0,087494614	53515				
30,46052561	0,102681546	0,074717744	53560				
30,69399652	0,091890968	0,072222762	53601				
30,92493273	0,090818195	0,072645736	53642				
31,16043884	0,088273069	0,076900147	53682				
31,38592015	0,096754753	0,068368796	53723				
31,6192649	0,099421878	0,072669407	53768				
31,84652442	0,092967175	0,069031765	53812				
32,10355097	0,116215981	0,074058197	53856				
32,33507598	0,089132566	0,077530234	53900				
32,58578472	0,112776423	0,075856111	53941				
32,82173082	0,103419171	0,068327394	53982				
33,06201453	0,095290163	0,075133209	54022				
33,30806706	0,103728623	0,070926723	54067				
33,56161574	0,103590632	0,079661708	54115				
33,81695317	0,110772457	0,072528122	54163				
34,06507951	0,099038704	0,081230121	54203				
34,31687159	0,087478274	0,062765237	54239				
34,52801943	0,086621853	0,064048675	54276				
34,75605064	0,082544243	0,08631325	54332				
35,01946979	0,121953757	0,072779208	54376				
35,28231967	0,124272866	0,067956967	54417				
35,51055932	0,090813608	0,06787609	54458				
35,73346275	0,094435107	0,063947347	54503				
35,9748546	0,110474744	0,064399342	54544				
36,21298519	0,102554394	0,070711178	54585				
36,44895814	0,09941457	0,069722585	54626				
36,66823058	0,08269217	0,070858237	54667				
36,90692345	0,092248519	0,077972729	54711				
37,14864673	0,098960512	0,068581121	54751				
37,37082156	0,092468478	0,067980676	54792				
37,61494938	0,082491845	0,095604563	54848				
37,86210829	0,096105522	0,080049482	54893				
38,11830428	0,118372263	0,069347976	54934				
38,34878192	0,087554104	0,079770337	54982				
38,57699354	0,082214041	0,077148476	55023				
38,79607954	0,090180509	0,069183114	55067				
39,02771592	0,084104417	0,078978397	55108				
39,25630898	0,08928857	0,07606731	55152				
39,49595537	0,097824274	0,078791658	55193				
39,73105198	0,089579908	0,075550361	55237				
40,02515582	0,121170389	0,096283078	55281				
40,29333328	0,121250461	0,073078355	55321				
40,55159909	0,112064387	0,069029086	55361				
40,77656562	0,089689935	0,072575557	55402				
41,03162258	0,106709376	0,072159565	55443				
41,25673236	0,090276356	0,066925849	55488				
41,54604315	0,132810207	0,075939124	55533				
41,85161669	0,12474435	0,071343385	55574				
42,0906279	0,086149092	0,072480596	55614				
42,34482792	0,105522436	0,079398804	55659				
42,60754696	0,1118737	0,084384131	55700				
42,90479951	0,127801476	0,074054599	55741				
43,20302895	0,126060016	0,080099052	55781				
43,47970942	0,130472505	0,073380451	55829				
43,75441995	0,126247259	0,073183744	55873				
43,98859741	0,088774495	0,07177599	55914				
44,23505102	0,096438381	0,076079776	55958				
44,52687219	0,139226818	0,08252415	56003				
44,79599981	0,108725954	0,074088843	56051				
45,04159852	0,095838982	0,072925151	56095				
45,29770873	0,115833611	0,074996212	56136				
45,55361378	0,106531971	0,071571408	56177				
45,81912839	0,112651166	0,071364738	56218				
46,06529411	0,102164467	0,072037965	56259				
46,3292638	0,111791204	0,0796282	56303				
46,5734288	0,105931817	0,072473245	56347				
46,81541394	0,109363775	0,068064747	56392				
47,0629881	0,097831091	0,08408983	56437				
47,29956016	0,096932008	0,076686235	56481				
47,52532725	0,088415744	0,073999551	56526				
47,76760713	0,095871839	0,072073887	56566				
48,02439783	0,116641953	0,072402474	56611				
48,27470191	0,093556971	0,076034303	56655				
48,4996473	0,087872603	0,070995721	56699				
48,73498797	0,089654977	0,071216307	56740				
48,99009012	0,109088758	0,066762958	56784				
49,24167538	0,112333343	0,075903561	56829				
49,47846431	0,083948916	0,070285639	56873				
49,71241223	0,087549161	0,082410186	56921				
49,95776162	0,105333699	0,068608856	56962				
50,1806201	0,091727446	0,069552127	57006				
50,40559046	0,094090904	0,063812248	57046				
50,66642188	0,115816099	0,071042303	57087				
50,94314673	0,121169812	0,067997484	57135				
51,18522652	0,092253402	0,07149619	57176				
51,41128232	0,086574682	0,06827464	57216				
51,65876664	0,108486795	0,072345094	57257				
51,90182482	0,101547676	0,07424402	57298				
52,14199347	0,092734641	0,072048353	57342				
52,38209917	0,102427994	0,073644717	57382				
52,59460202	0,08171579	0,066767206	57423				
52,83478857	0,08712691	0,080852888	57464				
53,06430099	0,090440049	0,071851031	57504				
53,34451726	0,134079231	0,076104423	57549				
53,58237048	0,094773614	0,078316696	57597				
53,81633118	0,091862743	0,076917144	57638				
54,07566709	0,111150882	0,067973144	57686				
54,43169296	0,219323124	0,071181502	57731				
54,68021988	0,107304329	0,074276915	57775				
54,93127376	0,088534129	0,075172415	57819				
55,18493018	0,104094713	0,074584282	57860				
55,44819318	0,090884626	0,077972666	57901				
55,67183171	0,082857243	0,073598397	57941				
55,92830194	0,115314947	0,069448675	57986				
56,14898495	0,087640399	0,07059842	58027				
56,43738291	0,128046986	0,075112425	58068				
56,67501383	0,09623016	0,075039542	58112				
56,93733378	0,111428465	0,078632764	58157				
57,19115026	0,101114184	0,073675957	58197				
57,43244423	0,102403625	0,074229435	58245				
57,6703333	0,093071498	0,072452511	58290				
57,91438595	0,106770759	0,073334692	58338				
58,15618058	0,104145714	0,072802124	58379				
58,40462254	0,107318268	0,072429574	58419				
58,63746266	0,087859955	0,074746008	58463				
58,88698183	0,116247245	0,07067095	58504				
59,13076858	0,101230765	0,074922717	58548				
59,3704783	0,097711659	0,072651217	58592				
59,61803281	0,111845226	0,071658354	58637				
59,88131731	0,104875296	0,078229864	58677				
60,16849007	0,129267035	0,074685285	58718				
60,44166286	0,12325927	0,065994538	58759				
60,71787949	0,120452683	0,079057577	58800				
60,97606887	0,116834665	0,065103734	58840				
61,23028725	0,104099092	0,071300082	58888				
61,4856462	0,107570565	0,067881085	58929				
61,74132901	0,11171609	0,073414647	58969				
62,00361247	0,106935125	0,072158659	59009				
62,24106527	0,093878576	0,071937247	59050				
62,46630391	0,089197045	0,070326928	59094				
62,71061246	0,096913501	0,071996957	59135				
62,94741296	0,095666977	0,064164731	59176				
63,1775842	0,091558011	0,070693888	59221				
63,43264045	0,11136736	0,072109095	59269				
63,68050523	0,094414063	0,071299454	59309				
63,92430233	0,090344873	0,069616554	59350				
64,14635385	0,086538952	0,065480903	59391				
64,37430921	0,083225464	0,072382993	59432				
64,59694439	0,085866811	0,071905171	59473				
64,82134557	0,084587836	0,069949859	59517				
65,0429705	0,082567029	0,069004193	59558				
65,27994057	0,090555821	0,07593382	59602				
65,55167114	0,117585874	0,069601421	59646				
65,81952722	0,116619065	0,074015719	59690				
66,09340862	0,121476699	0,071627635	59726				
66,35849503	0,114186946	0,075863271	59770				
66,63647402	0,117025686	0,074475372	59811				
66,92048052	0,134985026	0,073671338	59852				
67,16485703	0,099332155	0,068155148	59897				
67,39704097	0,094445442	0,070056451	59938				
67,646163	0,106850727	0,069066394	59982				
67,90207854	0,104710779	0,074284609	60026				
68,15002051	0,104967743	0,074073379	60066				
68,39542216	0,109588139	0,069963768	60107				
68,64463816	0,08743461	0,077161522	60148				
68,88316304	0,096405474	0,074419179	60189				
69,11815685	0,096784097	0,071913793	60230				
69,35699946	0,09405216	0,075963275	60271				
69,60245373	0,09727331	0,083105243	60312				
69,83221413	0,099090886	0,062445431	60352				
69,97928479	0,03618808	0,056785003	60393				
70,13214063	0,039334073	0,060288354	60434				
70,30429093	0,047695737	0,077861712	60474				
70,45794593	0,037851634	0,055487611	60515				
70,61657602	0,050636461	0,06407098	60563				
70,75136223	0,039295851	0,052912114	60603				
71,03273143	0,122691588	0,074492643	60643				
71,30712154	0,117890533	0,069647353	60683				
71,58263505	0,120586959	0,077582393	60727				
71,86919237	0,124472776	0,076034279	60768				
72,13407054	0,116052238	0,067731087	60809				
72,40186224	0,126209441	0,067555895	60850				
72,67224329	0,115887308	0,074469616	60891				
72,95068007	0,122095814	0,066633929	60935				
73,22920354	0,122714614	0,073669608	60979				
73,48746928	0,112337602	0,066797248	61020				
73,7154452	0,087719322	0,073820006	61064				
73,94891161	0,097318147	0,068097184	61105				
74,17426902	0,087324504	0,066729109	61146				
74,39764224	0,086380571	0,072553221	61186				
74,61945305	0,083734526	0,072692386	61227				
74,84973981	0,090750328	0,06837906	61268				
75,08106953	0,090334081	0,070237594	61312				
75,35214703	0,13536564	0,068950619	61353				
75,62562416	0,115989699	0,076321186	61401				
75,90526616	0,128928832	0,071877795	61438				
76,1704718	0,123569707	0,073038075	61482				
76,41542206	0,1014376	0,069854507	61530				
76,64361497	0,084280378	0,067694009	61571				
76,88361785	0,092444168	0,07112939	61615				
77,15338345	0,125470374	0,075090537	61656				
77,39151354	0,100170549	0,071401599	61697				
77,63051491	0,095783056	0,068969074	61741				
77,90113649	0,115899545	0,071433856	61782				
78,12732702	0,083397395	0,071379251	61826				
78,35743421	0,099519245	0,067135465	61866				
78,59781783	0,102405646	0,071275251	61911				
78,8500911	0,114699512	0,072966764	61955				
79,10387353	0,100939819	0,076616726	62003				
79,34087426	0,097710854	0,069353374	62043				
79,5892783	0,09828819	0,073044633	62091				
79,85419661	0,106145431	0,082025797	62136				
80,10944076	0,108991663	0,072969877	62177				
80,35428601	0,103093909	0,074112874	62217				
80,5986035	0,102976924	0,075074501	62258				
80,82273458	0,08709626	0,070634105	62299				
81,07173487	0,103570815	0,069286591	62343				
81,28877305	0,087068747	0,062620246	62384				
81,66334255	0,235073496	0,068730306	62428				
81,90997147	0,109178507	0,073343006	62469				
82,14913581	0,102625183	0,073085779	62510				
82,41747359	0,113614954	0,079539236	62554				
82,66054311	0,086770391	0,07765319	62602				
82,8847614	0,08912256	0,066266618	62643				
83,12816985	0,1013227	0,06956657	62684				
83,37014503	0,103564354	0,069299312	62728				
83,61350888	0,106123908	0,067438832	62769				
83,87016269	0,107289837	0,077888345	62817				
84,1016618	0,088906905	0,07075444	62858				
84,33539732	0,099755792	0,067790137	62906				
84,60263186	0,123252126	0,075783567	62950				
84,84957692	0,104765483	0,070975044	62991				
85,06979396	0,081114096	0,068397691	63036				
85,32238285	0,106591129	0,071208466	63077				
85,55409514	0,103585518	0,061183229	63118				
85,83870167	0,116283884	0,083630035	63162				
86,0922601	0,09090476	0,070224554	63203				
86,38136332	0,120630138	0,068418779	63244				
86,6111782	0,09580271	0,069654845	63285				
86,96572598	0,155223966	0,072057451	63326				
87,2000607	0,082478291	0,069028517	63367				
87,44903898	0,110537871	0,069591051	63407				
87,68003883	0,090560286	0,069522265	63448				
87,95965932	0,133331462	0,075338238	63489				
88,23000069	0,11183272	0,08128771	63533				
88,5181302	0,134537101	0,068213024	63574				
88,79472943	0,120612861	0,06809404	63619				
89,06777359	0,115845438	0,074728827	63660				
89,3284051	0,115605698	0,066126557	63701				
89,6152501	0,124806847	0,073788134	63742				
89,89992488	0,132211038	0,069844004	63790				
90,17729732	0,110382697	0,080134976	63834				
90,44150541	0,119279471	0,067370875	63875				
90,67610245	0,098463858	0,071495061	63919				
90,91909916	0,098961269	0,073645132	63963				
91,15377617	0,091457153	0,068786462	64007				
91,39395115	0,104464642	0,065628157	64048				
91,63288605	0,092506598	0,078073536	64092				
91,8637356	0,091769238	0,067971078	64133				
92,1142332	0,104384561	0,066390184	64177				
92,37277373	0,113681137	0,068669362	64217				
92,62568927	0,095346657	0,073560769	64258				
92,8920726	0,123340279	0,072172487	64298				
93,14357429	0,107834724	0,069027805	64339				
93,41929806	0,118550352	0,076184694	64383				
93,6535437	0,086947537	0,070734293	64423				
93,89622566	0,098105742	0,074216136	64463				
94,11984119	0,085737383	0,066482189	64503				
94,36972484	0,104298595	0,075545648	64547				
94,62088158	0,089902762	0,073409475	64587				
94,83855169	0,085156183	0,067039724	64631				
95,07067833	0,090481481	0,071293577	64671				
95,30044167	0,086380813	0,071816911	64715				
95,57199335	0,117588233	0,073947818	64756				
95,84088353	0,115512963	0,073043126	64797				
96,09756952	0,109215704	0,073693938	64841				
96,32229968	0,088151594	0,066579765	64882				
96,54189369	0,087750922	0,066818867	64923				
96,79441495	0,113097151	0,074381201	64964				
97,0303496	0,092164996	0,070525105	65008				
97,25290865	0,085581513	0,070137922	65053				
97,47242179	0,083985065	0,065537907	65090				
97,69283762	0,082511485	0,06813109	65127				
97,92424804	0,09212283	0,068375895	65168				
98,145103	0,083911914	0,06939958	65208				
98,40603325	0,108132767	0,07194927	65249				
98,63776214	0,082858919	0,077111427	65290				
98,89180101	0,092789134	0,078857868	65338				
99,11379871	0,08604211	0,067804031	65379				
99,34625168	0,088208357	0,072998577	65420				
99,59003979	0,088580429	0,072127436	65460				
99,81620692	0,089098283	0,069744079	65505				
100,0515982	0,086765585	0,07647427	65546				
100,2935846	0,104269111	0,06998361	65590				
100,5162075	0,084490595	0,071111461	65630				
100,8180204	0,128972227	0,090168593	65671				
101,1026293	0,132980796	0,0664716	65711				
101,3464075	0,094108547	0,082838093	65756				
101,5883273	0,085837597	0,079474669	65801				
101,8621312	0,097955938	0,099141622	65842				
102,1000216	0,092200671	0,074265351	65883				
102,3661182	0,111940088	0,074376859	65920				
102,6364057	0,123905071	0,076437038	65960				
102,9071956	0,095919857	0,072438883	66005				
103,1219908	0,0780478	0,069581989	66045				
103,3367115	0,086571388	0,067062107	66089				
103,5578257	0,091280629	0,063941772	66130				
103,8384824	0,137478883	0,077445169	66171				
104,0722377	0,082751035	0,081054526	66212				
104,3316516	0,119109791	0,068192998	66253				
104,5913896	0,107545941	0,068075158	66294				
104,8251829	0,088860891	0,078918363	66342				
105,054318	0,089855172	0,064607707	66382				
105,2807772	0,098560271	0,062237197	66419				
105,5490469	0,121795943	0,065686661	66460				
105,8162389	0,112829004	0,070557056	66500				
106,0393197	0,082964858	0,071933978	66541				
106,2988275	0,123073091	0,064626126	66581				
106,5924801	0,14028095	0,070539089	66622				
106,8777263	0,130739127	0,076560492	66663				
107,154928	0,1222467	0,067582945	66708				
107,3903588	0,094484189	0,071309611	66749				
107,6653862	0,118344686	0,073336403	66790				
107,9451472	0,123116655	0,071304119	66835				
108,1775584	0,095390212	0,061954882	66872				
108,3982219	0,08109921	0,073940004	66916				
108,6441076	0,110970949	0,068398422	66960				
108,9317792	0,128087372	0,06580304	67004				
109,1922138	0,095663538	0,067614306	67045				
109,4386815	0,096193892	0,060200163	67082				
109,6825049	0,11355665	0,064040973	67123				
109,9198126	0,101201198	0,064773181	67164				
110,1809153	0,116535718	0,069937946	67204				
110,4255583	0,091930607	0,064174507	67244				
110,6626086	0,08545522	0,070211909	67285				
110,9083569	0,103176863	0,067739553	67326				
111,1244933	0,084506679	0,067141918	67367				
111,3436427	0,086106745	0,064959853	67404				
111,5946337	0,08870851	0,091237149	67448				
111,8587003	0,091652723	0,070095125	67492				
112,0915174	0,087754623	0,076330937	67536				
112,3224597	0,098833884	0,065566921	67576				
112,5473509	0,091024502	0,069909895	67620				
112,7660797	0,087169768	0,066425598	67660				
112,9989301	0,083994043	0,069799524	67701				
113,2358009	0,100979673	0,068390044	67738				
113,4548031	0,085512475	0,065876147	67782				
113,6794811	0,092093496	0,066316155	67818				
113,9215395	0,101104894	0,072577729	67859				
114,2013453	0,113252467	0,084204244	67900				
114,4851951	0,115559375	0,070907976	67945				
114,7287459	0,096749035	0,070614859	67990				
114,974595	0,103160176	0,06617954	68031				
115,2111547	0,087205519	0,069249399	68072				
115,4389235	0,092617882	0,06893223	68108				
115,7063887	0,104459473	0,07154725	68145				
115,9507098	0,105341119	0,059685325	68186				
116,201496	0,108820184	0,072302768	68234				
116,4541838	0,105298367	0,066133973	68275				
116,6877976	0,100657325	0,067627085	68316				
116,926773	0,097943193	0,063147185	68353				
117,1841004	0,113691975	0,070514618	68398				
117,4219821	0,102204531	0,069584198	68442				
117,6725593	0,102270042	0,074177973	68486				
117,9518336	0,123249043	0,073592886	68527				
118,1996616	0,093531722	0,074130039	68575				
118,4260244	0,08822691	0,06898838	68616				
118,653446	0,086559039	0,06875333	68657				
118,9150567	0,099714463	0,082653105	68705				
119,1606019	0,09091912	0,077225512	68746				
119,3841154	0,088852194	0,066765472	68786				
119,6021672	0,088104554	0,063702938	68822				
119,8641342	0,095808215	0,095563118	68863				
120,1067629	0,094826485	0,073719097	68908				
120,3665278	0,114802347	0,074661248	68949				
120,5998194	0,08544058	0,077164353	68989				
120,8281265	0,089046102	0,069559864	69034				
121,0771245	0,096230079	0,070186647	69078				
121,3038329	0,084756033	0,067856197	69122				
121,5353851	0,092854513	0,070709796	69162				
121,7707087	0,085331418	0,078331427	69206				
122,0131288	0,083329023	0,069140548	69247				
122,2507784	0,090080778	0,071717095	69287				
122,4925532	0,099270584	0,067695766	69331				
122,7414897	0,095252048	0,071462615	69372				
123,1078982	0,208869537	0,095052342	69460				
123,3902514	0,118637732	0,09188094	69520				
123,6634931	0,102572926	0,097602361	69580				
123,9318173	0,097577259	0,102017093	69636				
124,205159	0,09975626	0,088736625	69693				
124,4553576	0,098847884	0,080061187	69734				
124,7159524	0,087795517	0,101583037	69794				
124,9651758	0,090954264	0,069951505	69839				
125,2324525	0,093568689	0,099455802	69896				
125,4792218	0,100146047	0,068908656	69932				
125,7280004	0,085776461	0,089789466	69988				
126,0097574	0,092292946	0,107074361	70047				
126,2869367	0,114561739	0,083845378	70100				
126,5502395	0,111031387	0,077468419	70144				
126,8340916	0,119602006	0,091187911	70201				
127,1360046	0,113812038	0,104650429	70256				
127,4050366	0,117670177	0,065363267	70296				
127,7114983	0,127486829	0,099122679	70355				
128,0526484	0,138653767	0,103482139	70411				
128,3259137	0,102892359	0,067441	70451				
128,5705714	0,086676097	0,085441751	70506				
128,8274817	0,08652002	0,097555094	70562				
129,0877973	0,088625514	0,094207182	70619				
129,3247912	0,092746293	0,067362169	70660				
129,5675999	0,085136146	0,091564464	70716				
129,8176889	0,09408773	0,08331854	70756				
130,0613036	0,101823084	0,071106925	70796				
130,2997824	0,09640962	0,068118783	70840				
130,5380207	0,096415129	0,067738937	70881				
130,793059	0,089887585	0,097224283	70937				
131,062855	0,091990814	0,092012108	70993				
131,3699725	0,121800111	0,093979932	71052				
131,6976771	0,140252136	0,090276091	71108				
131,9976689	0,136179228	0,07393484	71152				
132,3464079	0,141235218	0,087168804	71193				
132,5771175	0,088767345	0,065805646	71234				
132,8168603	0,093515887	0,07220014	71278				
133,052822	0,095717329	0,073959834	71322				
133,2860208	0,089664118	0,064264992	71362				
133,5178868	0,084775528	0,069434176	71403				
133,7445095	0,08482821	0,068336423	71443				
133,9895166	0,101814008	0,067458431	71484				
134,2465139	0,112410226	0,067933088	71529				
134,4962056	0,105325206	0,068197837	71570				
134,7460242	0,099589754	0,072102678	71610				
135,0044179	0,111430168	0,073704167	71651				
135,2358396	0,095411587	0,064516173	71692				
135,47425	0,101973571	0,060856048	71729				
135,7325525	0,108380881	0,081565843	71766				
135,9600265	0,088300336	0,066404392	71810				
136,2157681	0,110675474	0,065909213	71851				
136,4441486	0,097038796	0,06493613	71891				
136,7156347	0,11263409	0,068900268	71932				
136,990515	0,119212498	0,071159543	71973				
137,2795591	0,130737562	0,066971538	72014				
137,5757389	0,128936998	0,07103815	72055				
137,8227287	0,106937032	0,068595473	72099				
138,0778299	0,115018139	0,066548269	72140				
138,3280621	0,101406708	0,072930681	72181				
138,6352985	0,133521973	0,067631198	72221				
138,8966675	0,10810331	0,07061572	72261				
139,1567091	0,116567909	0,069618378	72302				
139,429984	0,114791355	0,072916383	72346				
139,7158702	0,11521045	0,078334727	72387				
139,9503984	0,097214446	0,0635697	72428				
140,2016387	0,092294841	0,087898355	72487				
140,4818843	0,133437225	0,072992894	72528				
140,7209853	0,10032763	0,070377964	72572				
140,9589347	0,088888846	0,07507267	72612				
141,1888649	0,086860373	0,068391809	72653				
141,4675183	0,115745602	0,073906862	72701				
141,711339	0,091108311	0,068395451	72742				
141,9643844	0,113909204	0,068265039	72782				
142,1851116	0,080900122	0,067619864	72827				
142,4330854	0,102207704	0,077524187	72868				
142,6869353	0,097181344	0,089325722	72927				
142,9133188	0,088827047	0,062193609	72971				
143,1345745	0,085687584	0,063556548	73011				
143,3855963	0,114038957	0,07305497	73052				
143,6251652	0,100710943	0,068839582	73093				
143,8667384	0,100491042	0,069863638	73133				
144,099583	0,097218	0,06181844	73174				
144,3355907	0,093803581	0,070136549	73215				
144,566766	0,091587156	0,068726179	73256				
144,8299645	0,09251986	0,093234615	73312				
145,0628042	0,090090352	0,064994994	73353				
145,2996578	0,102153329	0,065270206	73390				
145,5525161	0,104124547	0,065733609	73431				
145,7959918	0,107060473	0,06710365	73475				
146,0443143	0,112375765	0,063005777	73520				
146,2669373	0,081964003	0,071045464	73564				
146,5131963	0,103198062	0,071864455	73605				
146,7484887	0,090444451	0,068507367	73645				
146,9988049	0,110568814	0,065653731	73686				
147,2284672	0,100210894	0,061370009	73723				
147,4660196	0,096564942	0,070537727	73760				
147,6951475	0,083503639	0,073288739	73800				
147,92821	0,091756213	0,066047545	73844				
148,1649602	0,10555724	0,061569522	73880				
148,4061191	0,102932783	0,068465503	73921				
148,6495006	0,094615412	0,068684081	73961				
148,9046109	0,11783589	0,070282176	74005				
149,1378152	0,09105774	0,065789523	74046				
149,3636346	0,091812196	0,065687311	74087				
149,5937139	0,087900588	0,071535661	74128				
149,8308164	0,10065441	0,065456561	74164				
150,054568	0,083124387	0,071002422	74209				
150,2952272	0,091630335	0,070323534	74250				
150,5216596	0,083712118	0,063329884	74287				
150,7535962	0,09632519	0,064943444	74331				
150,9937729	0,092942009	0,075244031	74375				
151,392115	0,233656737	0,066812865	74412				
151,6284642	0,098295822	0,065804059	74452				
151,858166	0,085108089	0,070746641	74493				
152,0821026	0,081969506	0,068639386	74538				
152,3494892	0,111618087	0,06644375	74579				
152,590753	0,095250743	0,075716851	74624				
152,8476196	0,110516164	0,070667105	74665				
153,0695629	0,08265869	0,066760504	74706				
153,3096264	0,099835959	0,064744895	74746				
153,5749475	0,10565373	0,072095737	74787				
153,8100107	0,084769979	0,076969736	74831				
154,0779501	0,122197004	0,060866596	74868				
154,3413684	0,117404851	0,068534768	74916				
154,5831572	0,104832612	0,065285466	74956				
154,8497192	0,112297969	0,073790887	75001				
155,1229518	0,114048061	0,072527387	75049				
155,3516373	0,089481967	0,070941636	75089				
155,6371294	0,135573056	0,065436133	75130				
155,9033021	0,095596479	0,066117178	75171				
156,1486788	0,107841837	0,065484532	75216				
156,3998507	0,116023827	0,064554776	75257				
156,6644712	0,109893519	0,069722718	75301				
156,9807155	0,162604012	0,069081959	75346				
157,2608273	0,114312564	0,074254423	75390				
157,4948595	0,089788934	0,065084102	75431				
157,7296454	0,096522862	0,063778156	75475				
157,9904184	0,104486631	0,069543314	75512				
158,220134	0,091714367	0,069527409	75556				
158,4602553	0,099786345	0,068702832	75597				
158,6906638	0,086170333	0,07096465	75637				
158,9396561	0,097723279	0,06605318	75678				
159,1801389	0,09779656	0,069532304	75719				
159,410843	0,089350198	0,070093567	75763				
159,6435034	0,087606631	0,069702802	75804				
159,9538038	0,133689331	0,069797313	75845				
160,196546	0,090968832	0,068414075	75881				
160,4455332	0,102804873	0,070336466	75922				
160,6813445	0,096180521	0,06360197	75959				
160,9443998	0,106245968	0,073734221	75999				
161,1946891	0,092063322	0,075920091	76044				
161,4617362	0,11569983	0,076418554	76089				
161,7013324	0,094338069	0,066810997	76126				
161,9742193	0,122316533	0,071239577	76167				
162,2093566	0,083736183	0,068394237	76204				
162,4589318	0,099549778	0,076969397	76245				
162,7673316	0,156087565	0,074668346	76289				
163,0029243	0,094474282	0,067832526	76330				
163,2483427	0,099634141	0,071043153	76371				
163,4849323	0,089084572	0,070435184	76412				
163,7137419	0,089736909	0,068338229	76453				
163,9537819	0,103526889	0,064651242	76498				
164,187276	0,092481801	0,069333967	76539				
164,4254252	0,101980175	0,065700307	76580				
164,654652	0,085391802	0,070351848	76624				
164,9067635	0,10833087	0,069494344	76668				
165,1435009	0,091051687	0,071147413	76709				
165,390779	0,112783323	0,06718528	76746				
165,6387165	0,098232753	0,067089142	76790				
165,8838662	0,102637483	0,067506607	76838				
166,1069885	0,084554322	0,064569769	76875				
166,3584954	0,101897007	0,07338626	76916				
166,6045713	0,105391473	0,064854103	76956				
166,8669065	0,111787834	0,076437822	76997				
167,1052094	0,105535087	0,060870743	77034				
167,3611625	0,113578791	0,073836142	77071				
167,5969634	0,085209625	0,069611331	77112				
167,8395008	0,102417969	0,066803969	77152				
168,0994935	0,113959885	0,060755016	77189				
168,3473005	0,109729729	0,067841168	77226				
168,6120745	0,126696447	0,066717148	77267				
168,8756412	0,1186702	0,072820189	77307				
169,1268241	0,099322033	0,070114265	77352				
169,3744061	0,100703865	0,070698002	77393				
169,625605	0,086651861	0,08770226	77434				
169,8573738	0,08622139	0,07289841	77475				
170,0822048	0,085806739	0,067219462	77516				
170,318731	0,096331268	0,065307046	77557				
170,6182998	0,148146351	0,078249158	77594				
170,9270887	0,148810299	0,061038245	77634				
171,1500844	0,082607647	0,067737472	77678				
171,4156706	0,119119089	0,074730888	77718				
171,6997953	0,120993681	0,064909352	77759				
171,9551379	0,096146	0,066070021	77803				
172,2033362	0,095641058	0,077104232	77848				
172,4554698	0,10838164	0,067958441	77884				
172,6952021	0,093915443	0,07086501	77925				
172,955247	0,11221804	0,068067497	77966				
173,2044338	0,105012506	0,073187284	78011				
173,4452006	0,095869646	0,074346878	78052				
173,6916672	0,098877239	0,075649335	78093				
173,9544672	0,110482175	0,075607635	78134				
174,224114	0,108515757	0,072594513	78175				
174,4639162	0,098476584	0,066524612	78220				
174,7030107	0,098931408	0,065702255	78261				
174,9492056	0,101087377	0,066377656	78302				
175,2204515	0,135282432	0,065128709	78346				
175,4742916	0,106933157	0,071817013	78383				
175,7492846	0,116096967	0,064141195	78424				
176,0034722	0,113075677	0,066518374	78461				
176,283586	0,125221234	0,070143481	78501				
176,525897	0,097563819	0,071623821	78542				
176,7752023	0,097182919	0,070618948	78583				
176,9947743	0,090539071	0,058504413	78624				
177,2259383	0,098367903	0,065718711	78668				
177,526012	0,126573635	0,078063037	78712				
177,7900479	0,105744877	0,068749138	78753				
178,0695953	0,128261094	0,067089063	78794				
178,3272241	0,109625647	0,063157065	78831				
178,6190177	0,135950935	0,066892298	78872				
178,886395	0,106110365	0,071458782	78912				
179,1472065	0,106044727	0,078900294	78956				
179,5619657	0,251767371	0,07206373	78997				
179,8418616	0,119441426	0,077544016	79037				
180,0816182	0,090942596	0,072738548	79078				
180,313747	0,092321684	0,067110218	79122				
180,5754486	0,10881931	0,068525914	79163				
180,8204048	0,090968128	0,075233595	79204				
181,0966745	0,091417217	0,077682327	79244				
181,3608427	0,106038552	0,075046139	79285				
181,6049248	0,090532965	0,073185456	79333				
181,8542793	0,095457746	0,068554698	79374				
182,0925789	0,091290443	0,070956503	79415				
182,3269501	0,086837603	0,067423266	79452				
182,5803809	0,110987949	0,072022123	79493				
182,8295363	0,094363682	0,077185839	79533				
183,0651796	0,093102335	0,070944117	79573				
183,3015623	0,088823376	0,07197481	79613				
183,5390417	0,090881477	0,066903789	79657				
183,8121895	0,095889583	0,099216343	79697				
184,0489845	0,093896978	0,067547604	79738				
184,2854939	0,088612287	0,07394422	79782				
184,5322758	0,102577994	0,070908081	79818				
184,7880053	0,1117486	0,063611026	79855				
185,0525761	0,100983582	0,080463177	79896				
185,3073605	0,108888134	0,070691368	79940				
185,5528335	0,10070071	0,068323145	79984				
185,7867009	0,085459896	0,076031023	80028				
186,0241188	0,091239008	0,069503555	80069				
186,2518949	0,083948763	0,070131515	80109				
186,4766042	0,08486975	0,06504603	80149				
186,7055841	0,08756135	0,066900898	80194				
186,9683038	0,112289424	0,074452515	80234				
187,2516261	0,092027123	0,064005724	80271				
187,4884253	0,10099739	0,063858664	80308				
187,7257298	0,099569029	0,066142541	80348				
187,9946381	0,116101279	0,065581443	80389				
188,2556331	0,113317244	0,064283004	80430				
188,5217499	0,105740929	0,076437434	80474				
188,7842515	0,104076687	0,073652286	80515				
189,0291103	0,097863671	0,06325852	80552				
189,2635041	0,094188308	0,067909173	80592				
189,503264	0,095136372	0,070290279	80633				
189,7758176	0,123496708	0,07202132	80674				
190,0362314	0,105925506	0,06846334	80718				
190,2709988	0,089373901	0,072976733	80759				
190,508142	0,08419251	0,076514954	80799				
190,7716021	0,109371434	0,073463114	80840				
191,0480899	0,104424071	0,0872999	80881				
191,3071341	0,107186278	0,075497308	80918				
191,5634775	0,103764189	0,069542899	80959				
191,7923391	0,089315357	0,069280508	81003				
192,0531668	0,104879784	0,072926587	81043				
192,3132077	0,117296621	0,070055059	81084				
192,5590853	0,092651908	0,069551543	81128				
192,8006227	0,090754697	0,0714561	81172				
193,0397695	0,091906733	0,066645174	81209				
193,3154865	0,10954817	0,067019176	81250				
193,5677732	0,107797765	0,066097553	81291				
193,8029382	0,092750492	0,067733591	81328				
194,0536271	0,08885997	0,077694562	81372				
194,3309984	0,113665533	0,07469021	81416				
194,5916168	0,122639726	0,06507832	81457				
194,8855607	0,122621295	0,085405767	81498				
195,1747049	0,113180509	0,081773181	81539				
195,4542911	0,119199451	0,071641599	81583				
195,7011471	0,096181885	0,067087474	81623				
195,9488599	0,103720863	0,071372591	81664				
196,2084424	0,102994039	0,067716283	81704				
196,4835185	0,122841687	0,072516996	81745				
196,7239192	0,090396905	0,072889233	81781				
196,965227	0,089782788	0,069773672	81822				
197,2070609	0,097422144	0,069634487	81863				
197,439932	0,089003455	0,068985378	81904				
197,6594641	0,081629839	0,061820959	81941				
197,9110094	0,106961581	0,066366091	81982				
198,1479626	0,086179727	0,071513831	82026				
198,3740633	0,088588917	0,06631687	82062				
198,6271981	0,116682107	0,061413312	82099				
198,8715366	0,098346335	0,071175293	82140				
199,1442072	0,101616457	0,070018201	82176				
199,3767006	0,086708381	0,074041672	82217				
199,6147411	0,099535709	0,063774127	82253				
199,8591571	0,098567667	0,071237804	82294				
200,096661	0,096506634	0,066273151	82330				
200,3508981	0,11816605	0,064652252	82370				
200,5923322	0,097712569	0,067104855	82410				
200,8597895	0,099124407	0,080020419	82451				
201,0926509	0,08515553	0,068891318	82499				
201,319178	0,086197577	0,066283334	82543				
201,5592852	0,093887433	0,068322435	82584				
201,8085451	0,101526729	0,068824812	82629				
202,0598796	0,098033427	0,067596428	82670				
202,3122511	0,096966282	0,078507062	82711				
202,5539231	0,085807742	0,071890132	82751				
202,7957945	0,102199272	0,064210187	82792				
203,060948	0,116464113	0,07252436	82833				
203,3144101	0,102607784	0,074499667	82877				
203,5726883	0,111010486	0,069279578	82918				
203,8756924	0,102937719	0,081695609	82959				
204,126713	0,092127846	0,074562032	82999				
204,3674118	0,098591172	0,06921794	83039				
204,6401948	0,109687388	0,079640141	83080				
204,9164617	0,118877956	0,083976542	83120				
205,2328866	0,140523748	0,06939145	83164				
205,550042	0,142883814	0,075518027	83204				
205,8428413	0,104451065	0,07056891	83244				
206,086041	0,097952314	0,071128869	83285				
206,3311139	0,102115163	0,065526348	83322				
206,6169461	0,097519655	0,075891886	83367				
206,8666514	0,10019981	0,073388115	83408				
207,1135951	0,105729054	0,065218795	83449				
207,3628599	0,101978257	0,067062131	83490				
207,7419699	0,22273532	0,075387246	83531				
207,9869039	0,100978683	0,067476855	83572				
208,2096095	0,084160561	0,065479926	83613				
208,4401801	0,085832348	0,072521585	83658				
208,6790041	0,09238399	0,067615709	83698				
208,9117952	0,088665781	0,068928865	83739				
209,1670834	0,095480854	0,067749036	83783				
209,4132341	0,091210674	0,071959145	83823				
209,6908718	0,132319499	0,068802702	83868				
209,9518518	0,108749293	0,063740417	83909				
210,198571	0,103927836	0,06787326	83949				
210,4619705	0,091425583	0,087477466	83990				
210,7952149	0,141097332	0,090737838	84034				
211,0289379	0,090161586	0,068906772	84078				
211,2559701	0,08576213	0,067789757	84122				
211,4877998	0,085258713	0,067903391	84163				
211,7187396	0,082355511	0,071321946	84207				
211,9399129	0,084623077	0,063074051	84248				
212,1639457	0,086797483	0,067493828	84289				
212,4204049	0,085297839	0,096471753	84333				
212,6668845	0,105511887	0,068659075	84374				
212,9020987	0,088999569	0,070351975	84418				
213,1360507	0,088005318	0,068535859	84462				
213,3877874	0,100356295	0,07057968	84503				
213,611496	0,08482171	0,066040132	84544				
213,8649311	0,107140548	0,071444464	84581				
214,1194733	0,095438578	0,065632142	84621				
214,3499294	0,083538144	0,069770788	84665				
214,5737556	0,082316925	0,07000815	84705				
214,8378541	0,119553467	0,070887601	84746				
215,1193783	0,135391829	0,067129349	84787				
215,3969221	0,114638209	0,06987668	84827				
215,6292683	0,08728319	0,071409735	84871				
215,9040143	0,12976058	0,070066337	84916				
216,1650359	0,118677322	0,06665202	84953				
216,4023038	0,087376654	0,069680609	84994				
216,6716564	0,107736413	0,071137024	85035				
216,9167852	0,091895249	0,070606113	85079				
217,1430843	0,08501147	0,067798873	85116				
217,3652107	0,08439974	0,06615322	85157				
217,6221316	0,121753026	0,058054081	85197				
217,851099	0,085430821	0,07153647	85237				
218,0925418	0,097088834	0,0652352	85274				
218,344069	0,105850214	0,072038895	85311				
218,57438	0,090682204	0,061928847	85348				
218,8418197	0,110496209	0,065482534	85392				
219,0920256	0,109015219	0,064579146	85433				
219,3280505	0,084521824	0,068220493	85474				
219,5681776	0,096837878	0,067261649	85518				
219,812193	0,1029928	0,066997136	85559				
220,079188	0,109990125	0,071447686	85604				
220,3594206	0,126835034	0,064252471	85645				
220,6482669	0,124341432	0,07138423	85685				
220,9196582	0,119126598	0,069949566	85726				
221,1874246	0,1079019	0,07066197	85766				
221,4420159	0,103471166	0,071473764	85806				
221,6788904	0,094398267	0,070409078	85850				
221,9570668	0,111944045	0,07132791	85890				
222,2193554	0,107171519	0,06777582	85927				
222,4897112	0,111457406	0,072170844	85964				
222,7867468	0,13665939	0,068234898	86008				
223,0357155	0,102950977	0,071853848	86053				
223,2976427	0,105592866	0,066338499	86094				
223,5410952	0,100410223	0,069472167	86135				
223,8492944	0,088149674	0,146833292	86180				
224,1240353	0,110606695	0,066844816	86217				
224,3611373	0,086018095	0,074007922	86258				
224,6580621	0,142246445	0,073914401	86294				
224,9221511	0,106053711	0,073394174	86342				
225,223775	0,139986475	0,070786152	86383				
225,4821791	0,088798791	0,066639215	86424				
225,7094557	0,091864309	0,060896441	86460				
225,9624077	0,109308808	0,067032132	86501				
226,2210993	0,107038233	0,061893725	86546				
226,5023426	0,110119416	0,079721077	86587				
226,7845375	0,131033674	0,060382175	86624				
227,0606386	0,120868137	0,065925023	86665				
227,3038814	0,088161306	0,066780866	86706				
227,5710865	0,117480185	0,070485791	86750				
227,8368186	0,113389819	0,069825584	86791				
228,0832498	0,101782594	0,067631365	86831				
228,3442995	0,115619451	0,069857461	86875				
228,5898777	0,089715084	0,078363572	86919				
228,833439	0,088083989	0,076732066	86959				
229,1847345	0,131311784	0,080184505	87000				
229,4732521	0,118837555	0,077964989	87040				
229,7440828	0,103037987	0,074706274	87081				
230,0337679	0,127967095	0,067125579	87122				
230,2991814	0,106413022	0,071774466	87163				
230,6163808	0,151753389	0,060886374	87200				
230,9512886	0,12918092	0,114542702	87241				
231,363937	0,120391901	0,068254749	87278				
231,6751554	0,129870734	0,070118172	87318				
232,0002831	0,153029536	0,07050721	87359				
232,3105972	0,144436991	0,069130277	87399				
232,6383961	0,165611247	0,065293304	87436				
232,9920546	0,176132925	0,077015266	87472				
233,325648	0,151568887	0,0743779	87508				
233,6225442	0,133341022	0,072832254	87552				
233,9057952	0,129581167	0,070428484	87593				
234,2255788	0,153435009	0,073859077	87634				
234,5455351	0,152945246	0,080879855	87675				
234,9043088	0,162731566	0,073333116	87716				
235,2184274	0,143085641	0,067558142	87753				
235,4935632	0,109776386	0,077066995	87794				
235,7699473	0,121614846	0,067853125	87835				
236,035752	0,117616069	0,066364703	87871				
236,3308924	0,128914358	0,072842948	87912				
236,6098903	0,121322813	0,067040505	87960				
236,8952893	0,121722312	0,072269975	88004				
237,2219373	0,130571737	0,068783237	88045				
237,5206272	0,133021852	0,078304196	88086				
237,8634982	0,159474975	0,077662103	88130				
238,2091547	0,158506994	0,072317425	88170				
238,5218006	0,140227767	0,068304302	88211				
238,8005003	0,118498568	0,073424973	88252				
239,0772688	0,113965586	0,070465051	88289				
239,4166081	0,166510578	0,077689442	88330				
239,7118044	0,129330037	0,071342233	88370				
240,008958	0,147878922	0,069160791	88410				
240,4381308	0,250618194	0,082480242	88454				
240,7623855	0,143525181	0,074785344	88498				
241,1366007	0,186143254	0,071044106	88538				
241,4719275	0,1691371	0,066682121	88578				
241,7924645	0,14896792	0,067556572	88614				
242,0708267	0,117160245	0,075137642	88655				
242,4338498	0,171404633	0,07261122	88695				
242,8096514	0,185112545	0,069390574	88739				
243,1577052	0,134812172	0,078109435	88779				
243,4416925	0,104046768	0,091873351	88819				
243,7351348	0,128904848	0,075391643	88855				
244,0382121	0,135223182	0,072684695	88895				
244,3642061	0,15687435	0,071123599	88936				
244,6941694	0,155262748	0,072164421	88973				
245,1372937	0,249074422	0,070438108	89014				
245,4497038	0,133601422	0,079797106	89054				
245,7625426	0,12801159	0,066111165	89094				
246,0534212	0,128236748	0,068295789	89134				
246,3423134	0,12661209	0,070357107	89175				
246,6598035	0,157520684	0,068448626	89212				
246,9682144	0,129416223	0,081569365	89257				
247,296021	0,134215672	0,070709372	89298				
247,6046474	0,148119027	0,0756003	89339				
247,9071194	0,12596292	0,079431747	89379				
248,2135752	0,128648622	0,077676759	89424				
248,5206038	0,137852491	0,076696452	89468				
248,8504506	0,12342891	0,083696417	89509				
249,1739568	0,14134859	0,074951522	89546				
249,4541809	0,121232753	0,068553324	89583				
249,8105232	0,160718202	0,07784618	89624				
250,1449558	0,141919561	0,075748584	89665				
250,4446476	0,134428391	0,073356061	89705				
250,7481237	0,138198531	0,076625739	89741				
250,9971103	0,088298172	0,06897711	89785				
251,264	0,099590862	0,06869618	89826				
251,5215077	0,092775076	0,08095499	89867				
251,8123498	0,105688802	0,086340749	89907				
252,0711849	0,105913027	0,072859687	89947				
252,3668674	0,119551478	0,09088307	89992				
252,7148761	0,155103036	0,086088921	90036				
252,9964788	0,110265376	0,074562056	90081				
253,2510625	0,094240173	0,080912205	90125				
253,5070535	0,105721705	0,066116152	90162				
253,7794273	0,100097624	0,078362394	90202				
254,0540725	0,09980845	0,079320952	90243				
254,2936874	0,099264842	0,062684919	90283				
254,5916444	0,131831729	0,085625667	90324				
	0,1042855	0,072203844					