Discovery and Parsing time	Parsing time	Ontology instantiation time	Triples numbers		Initial execution	18,34048353	1118
0,803413489	0,06482229	0,066992502	1285				
0,914886565	0,031747321	0,063883798	1376				
1,037121471	0,04417374	0,062509257	1459				
1,126016147	0,026713829	0,045725826	1521				
1,233047067	0,02807137	0,062266239	1597				
1,343747384	0,027096063	0,067847415	1671				
1,451881017	0,027825667	0,063657335	1744				
1,562555198	0,028115439	0,066145616	1823				
1,673001731	0,029161638	0,064554999	1892				
1,784260288	0,02863746	0,064531112	1964				
1,894061461	0,029048279	0,063764138	2034				
2,001687739	0,02969977	0,061237418	2105				
2,098932881	0,032620967	0,04726195	2158				
2,210825323	0,028416787	0,059994684	2228				
2,31593446	0,028633503	0,05938333	2296				
2,403196125	0,028720199	0,042158106	2348				
2,511855488	0,028774334	0,063386377	2416				
2,620793419	0,03003136	0,061729425	2484				
2,710139707	0,028762199	0,044195421	2536				
2,812791009	0,027632937	0,058269158	2605				
2,904936699	0,029148613	0,046947381	2660				
2,995264833	0,029527263	0,044482367	2712				
3,089800337	0,027438678	0,050365275	2764				
3,206483398	0,031048871	0,069414529	2832				
3,296842523	0,029197691	0,044892249	2884				
3,384900625	0,027353094	0,044934828	2936				
3,499518945	0,027145246	0,070727418	3004				
3,590439421	0,02735975	0,046921909	3056				
3,682031518	0,027242251	0,047670763	3108				
3,783348264	0,028198025	0,057567531	3160				
3,87461525	0,027021549	0,0480013	3212				
3,983519918	0,028108903	0,064337091	3279				
4,090126395	0,027349718	0,062164875	3343				
4,183671724	0,028718573	0,046477023	3398				
4,279985195	0,031292149	0,047845198	3450				
4,374741705	0,027321986	0,050767725	3502				
4,46469303	0,027550329	0,04556828	3550				
4,553329962	0,027549475	0,044444162	3598				
4,664692599	0,027268838	0,06746941	3666				
4,760872886	0,027897628	0,050565011	3714				
4,853797992	0,029230228	0,046933513	3766				
4,945281249	0,028983822	0,04486375	3814				
5,042738955	0,028893715	0,047037342	3866				
5,136371794	0,027888106	0,048309793	3914				
5,230543553	0,028734953	0,048544418	3966				
5,328674519	0,0308451	0,050819117	4015				
5,422232738	0,028317	0,048153521	4067				
5,512736529	0,028840587	0,045257339	4115				
5,618756449	0,027180463	0,061671487	4179				
5,712676735	0,028227149	0,047728187	4227				
5,80587351	0,029016836	0,046635223	4279				
5,898720992	0,028329206	0,048117443	4327				
5,989485417	0,027340599	0,047155601	4375				
6,106896201	0,027409043	0,073093216	4443				
6,20168968	0,028112246	0,04927734	4491				
6,297441768	0,028088504	0,049108474	4543				
6,393567737	0,031052292	0,043052439	4595				
6,485916887	0,030098748	0,044392494	4643				
6,57954334	0,02883867	0,047966197	4695				
6,677276438	0,030564117	0,049499188	4747				
6,772917778	0,029845961	0,048674077	4795				
6,868074466	0,028715811	0,049542251	4847				
6,965479092	0,028381012	0,050586592	4895				
7,066163187	0,030927732	0,052134322	4943				
7,167173857	0,030253452	0,051388164	4991				
7,265985255	0,028405419	0,051233893	5035				
7,368843089	0,034627174	0,049220124	5083				
7,465073336	0,031169734	0,047439297	5135				
7,571324839	0,027023234	0,061912073	5198				
7,668843203	0,027845522	0,052388126	5242				
7,770982536	0,027427305	0,051483613	5290				
7,867138058	0,028037514	0,049580059	5342				
7,961280366	0,028487947	0,048416587	5390				
8,07772548	0,029442217	0,06928845	5458				
8,172492571	0,028948563	0,048049241	5506				
8,268112075	0,028257126	0,049294802	5558				
8,362735348	0,028483936	0,048162698	5602				
8,456869596	0,027792345	0,04903734	5650				
8,554377767	0,032871901	0,046894651	5702				
8,650777126	0,028411973	0,050386081	5750				
8,743425106	0,027905944	0,047486964	5798				
8,838343894	0,027710655	0,04978464	5846				
8,939782762	0,029786845	0,052456846	5898				
9,057473513	0,031435983	0,065830022	5950				
9,16250352	0,032197072	0,05318111	5998				
9,273311094	0,031328621	0,056475253	6042				
9,375628104	0,029712254	0,054229258	6090				
9,475360079	0,029894948	0,0501613	6138				
9,585079457	0,032646872	0,051066624	6186				
9,717480628	0,062241879	0,049989059	6234				
9,811345142	0,026648256	0,048680132	6278				
9,904961068	0,026681516	0,04946398	6330				
9,998231404	0,027761137	0,04774173	6378				
10,09280439	0,028609506	0,04834842	6430				
10,19055245	0,027039188	0,053547715	6478				
10,28440848	0,026834682	0,04871407	6526				
10,38805439	0,026863778	0,058576664	6570				
10,47910823	0,027606925	0,046442855	6618				
10,57150624	0,026902124	0,04854166	6670				
10,66831024	0,028001151	0,048677482	6718				
10,77318128	0,031042465	0,055617588	6766				
10,86974119	0,02736406	0,052031601	6818				
10,965371	0,027762639	0,048632831	6870				
11,06120727	0,027322794	0,050597083	6918				
11,15753373	0,029998962	0,048179748	6966				
11,25435609	0,028842855	0,047717503	7018				
11,35057053	0,029468297	0,048097457	7066				
11,444323	0,028152839	0,047506848	7114				
11,54287536	0,02909328	0,051386281	7166				
11,640288	0,028232087	0,051432268	7211				
11,74248568	0,028075914	0,052933998	7259				
11,87520682	0,063982195	0,050704802	7307				
11,97419669	0,032107277	0,047835086	7356				
12,06817729	0,028686058	0,047131224	7400				
12,16565307	0,029625487	0,049480276	7452				
12,2640001	0,028043342	0,052018919	7500				
12,36058631	0,028253595	0,048863318	7548				
12,45549779	0,028761795	0,048219474	7600				
12,54948042	0,029068848	0,046721392	7648				
12,65254515	0,037015386	0,048608114	7700				
12,75086584	0,027859469	0,052097082	7748				
12,84439886	0,027558474	0,047911924	7796				
12,94895462	0,027567083	0,058358859	7844				
13,04459335	0,030867167	0,046570046	7892				
13,13990876	0,028573033	0,048244888	7940				
13,23702197	0,028611349	0,049758113	7988				
13,33216779	0,028270992	0,048554025	8036				
13,42520419	0,026392398	0,048690769	8080				
13,51743511	0,027393131	0,047433422	8128				
13,61536038	0,027608509	0,052642909	8180				
13,70714171	0,027154068	0,046649743	8229				
13,79870759	0,027509508	0,046202456	8273				
13,89435205	0,026916559	0,050670006	8321				
13,99034444	0,027659339	0,050143239	8369				
14,08690657	0,030911288	0,047305675	8417				
14,19188396	0,028442503	0,057112814	8465				
14,28599442	0,027019527	0,04793527	8506				
14,38142468	0,027577983	0,048335835	8554				
14,47708749	0,027247608	0,050067667	8595				
14,57067036	0,027308126	0,047966552	8643				
14,66777789	0,026948148	0,050440889	8695				
14,76602996	0,028058686	0,051662623	8743				
14,86221497	0,028021513	0,048603371	8791				
14,95974364	0,028164578	0,050275592	8839				
15,05581558	0,027373053	0,050193404	8887				
15,17655467	0,030066634	0,072098982	8935				
15,27227489	0,027539951	0,04907272	8983				
15,369293	0,028087611	0,049770216	9031				
15,47545727	0,028299306	0,054077375	9075				
15,57004383	0,027643935	0,048452916	9127				
15,66762626	0,029226667	0,049667959	9179				
15,76341383	0,02794338	0,049557231	9227				
15,85962583	0,027067068	0,051109124	9276				
15,95744252	0,02796578	0,051257139	9320				
16,05521938	0,030559222	0,047855702	9361				
16,1513673	0,027972142	0,049575096	9409				
16,25591311	0,031625967	0,05452363	9453				
16,35257431	0,027636863	0,050559628	9502				
16,45048473	0,027499843	0,051152761	9550				
16,5512115	0,027656766	0,054643707	9602				
16,66306103	0,02873811	0,06317743	9650				
16,76332306	0,027198648	0,053742556	9698				
16,86091678	0,027054374	0,051803368	9746				
16,95562285	0,027567891	0,047968922	9787				
17,05061191	0,027413404	0,048807488	9835				
17,14755242	0,028822798	0,048938253	9883				
17,25902883	0,027320069	0,056513424	9935				
17,36077915	0,032322386	0,050244044	9983				
17,45715822	0,027659693	0,049984767	10028				
17,55786156	0,02748872	0,053885181	10080				
17,65776504	0,0278776	0,05304336	10128				
17,78178955	0,02786983	0,050642652	10176				
17,88719369	0,026886338	0,059453973	10225				
17,98733747	0,028184369	0,052431372	10273				
18,08612734	0,027066813	0,051766244	10321				
18,18314918	0,027441474	0,050334007	10369				
18,28277112	0,027958351	0,051389461	10417				
18,38385136	0,028235244	0,053446327	10461				
18,48856541	0,033618232	0,051686032	10510				
18,58897459	0,029244189	0,050839245	10554				
18,68439531	0,028792289	0,04735308	10598				
18,78529901	0,028108493	0,052198403	10650				
18,88216595	0,028320794	0,049245161	10702				
18,98496584	0,027150536	0,056551883	10750				
19,09580735	0,028216098	0,06210055	10798				
19,1985296	0,02863098	0,054013561	10842				
19,29830102	0,027989646	0,050740905	10890				
19,39685121	0,028599786	0,050143525	10934				
19,49783404	0,027797689	0,053450002	10982				
19,60081497	0,030985148	0,051514637	11034				
19,69984141	0,027960017	0,051229619	11082				
19,7988445	0,027503107	0,050738668	11130				
19,90465976	0,029354605	0,055965389	11178				
20,00826709	0,028369334	0,054163398	11219				
20,10481742	0,028676642	0,048737209	11271				
20,20529446	0,027568871	0,053846947	11316				
20,30947457	0,029640558	0,054724068	11364				
20,41362179	0,029361014	0,052937067	11416				
20,5154997	0,029274388	0,05320793	11460				
20,62390253	0,030514192	0,058066331	11504				
20,72944151	0,032156394	0,052547774	11552				
20,82936669	0,028432806	0,05136744	11600				
20,92971842	0,028450231	0,051218661	11648				
21,02891101	0,027538966	0,052538569	11696				
21,13251435	0,028406379	0,055319305	11744				
21,23044393	0,028890668	0,05024809	11789				
21,33237955	0,028984761	0,053010136	11837				
21,42915316	0,028765882	0,048725612	11885				
21,53333253	0,029154652	0,0512499	11937				
21,63490502	0,02941254	0,052377988	11982				
21,74511089	0,032409129	0,056881951	12030				
21,85109463	0,031742496	0,052762719	12082				
21,94741306	0,028420204	0,048322431	12130				
22,05397479	0,028341618	0,05733322	12178				
22,15816973	0,028938446	0,054877533	12226				
22,2691451	0,028124645	0,062714279	12274				
22,36987092	0,028501974	0,051244744	12322				
22,47312114	0,028990203	0,05414342	12370				
22,57321422	0,028740646	0,051283645	12418				
22,6753011	0,029172558	0,052331254	12459				
22,77255943	0,029594111	0,047657306	12507				
22,8754088	0,030218396	0,052031413	12555				
23,00887693	0,064461704	0,048489174	12603				
23,111268	0,032192656	0,049813072	12647				
23,21815273	0,030498179	0,054271402	12695				
23,32970927	0,033522862	0,056184813	12743				
23,42866165	0,028929271	0,049613423	12783				
23,53295608	0,029749653	0,051158169	12831				
23,63422812	0,027910557	0,052456729	12879				
23,74148359	0,031311357	0,053817336	12923				
23,84087797	0,028142079	0,04936002	12971				
23,94131063	0,028709655	0,048054942	13016				
24,0397265	0,026976181	0,051234426	13064				
24,13733952	0,02788467	0,049479724	13109				
24,24799952	0,032230225	0,056698991	13150				
24,35604596	0,035107733	0,049297252	13194				
24,45775441	0,02827009	0,052681308	13238				
24,55808278	0,027752028	0,051143047	13286				
24,66836642	0,028920338	0,060427426	13334				
24,77405402	0,029525356	0,054273096	13378				
24,88049368	0,030102731	0,051515278	13426				
24,98394003	0,028458068	0,053488945	13474				
25,09092226	0,028222501	0,057276339	13518				
25,19313723	0,028845991	0,052065346	13566				
25,29828326	0,02883105	0,054309198	13614				
25,40468364	0,03182669	0,049765631	13662				
25,50550389	0,028111256	0,05237727	13714				
25,61055156	0,028499451	0,055085258	13762				
25,71197347	0,02979065	0,049578262	13803				
25,81530993	0,029477663	0,051756855	13851				
25,91792728	0,030144967	0,050735837	13903				
26,02181988	0,028193404	0,054003163	13951				
26,12330881	0,028708999	0,052048709	13995				
26,25658654	0,052099844	0,059687796	14043				
26,35550058	0,028131971	0,050001558	14091				
26,45783945	0,026844917	0,054889292	14136				
26,56099929	0,031723973	0,050652262	14184				
26,6608606	0,026933234	0,052249769	14228				
26,76311783	0,027360791	0,054097546	14276				
26,8621291	0,027478029	0,051398086	14324				
26,96234035	0,028126626	0,051483082	14372				
27,06048977	0,028361112	0,048923988	14420				
27,16242044	0,028362056	0,051246523	14468				
27,26250862	0,029216153	0,049104554	14516				
27,37128759	0,027130101	0,060264371	14561				
27,47103381	0,027134257	0,051730055	14605				
27,57710155	0,029266677	0,054566717	14653				
27,6834117	0,033329844	0,050808591	14705				
27,78479801	0,027774139	0,052097845	14753				
27,88504521	0,027974926	0,0506608	14797				
27,98096052	0,027622223	0,047858737	14845				
28,07857628	0,02857055	0,048075178	14886				
28,17571635	0,027457411	0,048137737	14930				
28,27692656	0,027635601	0,051917711	14974				
28,39839744	0,0280398	0,071696458	15022				
28,50247897	0,027779397	0,055088166	15070				
28,6047309	0,027845294	0,052585663	15114				
28,7062861	0,027913839	0,051433523	15159				
28,80762271	0,029995007	0,049642307	15203				
28,90972005	0,030845435	0,050215149	15251				
29,0113314	0,028709697	0,051482195	15296				
29,12967535	0,029580196	0,06689904	15341				
29,23500081	0,032623272	0,051562399	15389				
29,33830393	0,029171608	0,050904216	15441				
29,43717826	0,028201137	0,049038515	15481				
29,54278443	0,028367134	0,055138014	15529				
29,6481117	0,028106952	0,055801907	15577				
29,75167732	0,028211949	0,053178068	15625				
29,85104831	0,027467013	0,051357815	15673				
29,95246444	0,031176761	0,048385001	15714				
30,05280264	0,027576991	0,051646908	15762				
30,15174103	0,027855205	0,05033826	15810				
30,25884747	0,029052311	0,056334023	15858				
30,36155711	0,027025133	0,054040229	15902				
30,46077729	0,028478222	0,049320091	15946				
30,55778003	0,027092331	0,048701875	15990				
30,66105739	0,027140839	0,055519045	16038				
30,76702809	0,027293917	0,057260058	16086				
30,87079937	0,027706913	0,055038077	16134				
30,96838148	0,027453571	0,048630686	16178				
31,07882036	0,031382366	0,056568587	16226				
31,18328957	0,027326447	0,054953566	16274				
31,28621136	0,029051811	0,051778967	16322				
31,40214572	0,027767163	0,066403601	16363				
31,50187919	0,027957066	0,05052766	16408				
31,60396758	0,028337819	0,051878967	16456				
31,70510858	0,028346231	0,051827348	16500				
31,80858842	0,028189676	0,053995449	16544				
31,913074	0,02748496	0,052098078	16588				
32,01645743	0,028481702	0,052654574	16632				
32,12026908	0,027014007	0,054935472	16680				
32,22798999	0,031739288	0,054243099	16720				
32,33232933	0,02854826	0,054133736	16768				
32,43635197	0,028752372	0,053700146	16813				
32,53670294	0,02835864	0,050559519	16858				
32,64019733	0,027960746	0,053204115	16902				
32,74571165	0,029574312	0,054289612	16950				
32,84921372	0,027934161	0,05350218	16998				
32,95460725	0,028151523	0,054742326	17043				
33,05811176	0,029649514	0,052031239	17091				
33,16306482	0,029029801	0,051964272	17140				
33,27353041	0,035267208	0,05194318	17188				
33,37719422	0,031732984	0,049380433	17232				
33,48665419	0,033330102	0,053642551	17276				
33,59910284	0,029145109	0,061145892	17321				
33,70010779	0,029261387	0,049879826	17369				
33,80361944	0,028432509	0,052536917	17417				
33,90880436	0,030581493	0,049627254	17461				
34,01168379	0,029798639	0,048986611	17506				
34,13054512	0,029299285	0,062602858	17554				
34,2372049	0,027913967	0,056380626	17602				
34,33827739	0,029269728	0,049860852	17646				
34,44627598	0,029607076	0,054646819	17694				
34,61374981	0,09289704	0,050819476	17738				
34,72305431	0,033260847	0,05304163	17783				
34,83142085	0,027518577	0,056866065	17831				
34,94054534	0,026502993	0,060055808	17879				
35,03871938	0,027737497	0,048648331	17924				
35,14114579	0,027767521	0,05288388	17972				
35,25935517	0,029035171	0,068410259	18020				
35,36115974	0,027043532	0,050883793	18068				
35,46731692	0,028077215	0,055810566	18112				
35,5705801	0,028308432	0,052884519	18160				
35,66979334	0,027012458	0,050939479	18205				
35,77484609	0,027496045	0,055620708	18250				
35,88148803	0,030354591	0,053445275	18294				
35,98722597	0,029730862	0,053131825	18342				
36,09139347	0,027434226	0,054501228	18390				
36,19184667	0,027790596	0,050694831	18434				
36,29752168	0,028329382	0,054787479	18478				
36,40445912	0,028857254	0,051303581	18526				
36,50728832	0,028610266	0,051908946	18571				
36,60842646	0,027142182	0,052434043	18619				
36,71405677	0,027565519	0,055938514	18663				
36,81816803	0,02770075	0,052584247	18708				
36,92094206	0,027321164	0,051606692	18756				
37,02789569	0,031371741	0,053375946	18804				
37,13168975	0,026835378	0,054673956	18848				
37,25269253	0,028584506	0,069787346	18893				
37,36046996	0,029898676	0,052753395	18938				
37,46603835	0,028049129	0,055194858	18978				
37,57658576	0,027007762	0,054733933	19026				
37,68152571	0,027304846	0,054552214	19074				
37,78748811	0,02920887	0,053721174	19111				
37,89831647	0,027960599	0,060063324	19159				
38,00816698	0,030057163	0,05588657	19207				
38,11691235	0,02976871	0,056329686	19255				
38,22471778	0,031466893	0,052918142	19299				
38,32884892	0,027258346	0,054246799	19343				
38,433202	0,027905053	0,052603448	19387				
38,54314019	0,028119132	0,058633628	19435				
38,64591194	0,027386318	0,052059559	19483				
38,75855528	0,030293413	0,059589593	19531				
38,86089571	0,026753451	0,053098083	19576				
38,96731341	0,029190216	0,052356657	19624				
39,08758267	0,028888254	0,06801956	19668				
39,19472345	0,028504496	0,055209848	19716				
39,30215236	0,028010807	0,055810386	19761				
39,41212471	0,031204339	0,055962693	19809				
39,5180143	0,029045631	0,053588883	19853				
39,62435797	0,02860255	0,054922004	19905				
39,73196262	0,028833667	0,051939313	19949				
39,8397686	0,028226003	0,056911781	19997				
39,9518888	0,032012992	0,055252659	20038				
40,05565958	0,027730855	0,053337997	20086				
40,15976284	0,0288834	0,052312595	20134				
40,27631547	0,029172604	0,057454824	20182				
40,38640842	0,029717687	0,056875105	20230				
40,49063001	0,028699733	0,052596276	20271				
40,60034072	0,030967427	0,054058695	20319				
40,71027083	0,029284056	0,053739554	20367				
40,8204896	0,029493446	0,053129606	20412				
40,92510349	0,027469068	0,053245351	20464				
41,03599844	0,030760657	0,054518056	20512				
41,1415409	0,027252875	0,055732437	20556				
41,24494278	0,028848431	0,052151171	20604				
41,34669129	0,028100752	0,0500546	20648				
41,44883375	0,026699376	0,053455394	20696				
41,55303787	0,028198773	0,052851652	20740				
41,65562283	0,027247871	0,05210512	20788				
41,77424546	0,036943457	0,051771001	20833				
41,87917673	0,027649319	0,050360445	20874				
41,98377225	0,027510543	0,053890922	20922				
42,08636902	0,028001321	0,051253165	20970				
42,19349107	0,027541829	0,055274171	21014				
42,29726516	0,028424626	0,051986792	21058				
42,40162711	0,028237355	0,053500974	21106				
42,50613856	0,027640526	0,053998627	21151				
42,61045254	0,0310519	0,050489879	21196				
42,71498229	0,02853749	0,053072797	21237				
42,82323077	0,028373413	0,054959935	21281				
42,93547117	0,031663584	0,050510474	21329				
43,03465511	0,027211741	0,049051048	21370				
43,14057637	0,028844947	0,052476413	21418				
43,2465623	0,028132424	0,0547629	21462				
43,34918795	0,02741572	0,052034811	21510				
43,45320428	0,027548951	0,052941219	21558				
43,56004563	0,027997369	0,054829278	21602				
43,6752015	0,027036866	0,053786045	21650				
43,78788665	0,030865846	0,057576088	21698				
43,90231006	0,028532538	0,062724977	21742				
44,0051573	0,027702115	0,048042499	21790				
44,11105152	0,030106326	0,051720865	21838				
44,21634676	0,027314721	0,054794962	21886				
44,32285947	0,028524193	0,054984145	21934				
44,4305128	0,026866452	0,058198459	21982				
44,53405274	0,027550129	0,052485451	22027				
44,6373964	0,027354597	0,052296593	22071				
44,74318569	0,029980029	0,052983625	22119				
44,85378008	0,027151905	0,059946439	22167				
44,96121821	0,028010255	0,056072384	22215				
45,07484349	0,028306599	0,056532386	22260				
45,18784777	0,02924541	0,055275817	22308				
45,30067212	0,029660928	0,059454305	22353				
45,40550119	0,02818222	0,052922043	22397				
45,51449409	0,031718508	0,053167629	22445				
45,62182382	0,027471148	0,055982576	22493				
45,72542405	0,028702213	0,05083901	22533				
45,83008379	0,027894852	0,052179499	22577				
45,93516841	0,027790981	0,052188811	22622				
46,04211373	0,028921286	0,054444944	22667				
46,15133464	0,02745566	0,054054336	22715				
46,2571705	0,027141526	0,053819509	22756				
46,36080916	0,026706836	0,053500512	22800				
46,47300141	0,031354962	0,056391986	22844				
46,57465382	0,027598428	0,050582342	22888				
46,68362597	0,029947227	0,052918443	22928				
46,78869073	0,02992315	0,051204826	22969				
46,89759063	0,029625585	0,055467649	23013				
47,00112301	0,029334484	0,049740134	23057				
47,1123466	0,028913497	0,057281592	23105				
47,21974672	0,028889992	0,051552627	23146				
47,33037226	0,02900998	0,057659175	23194				
47,4326134	0,029254173	0,048961717	23239				
47,54101264	0,030795216	0,05293035	23287				
47,64845327	0,029230961	0,053881341	23335				
47,76802525	0,031046031	0,064501917	23383				
47,87714303	0,031717368	0,053207667	23428				
47,98163794	0,028558329	0,051863913	23473				
48,0938405	0,027593602	0,06039165	23517				
48,20348471	0,027646272	0,058036104	23565				
48,31318905	0,028180652	0,053064771	23602				
48,42257791	0,02800075	0,057517031	23650				
48,5286942	0,029382711	0,052879302	23691				
48,63993341	0,02828873	0,057190561	23736				
48,74566432	0,028322017	0,051769372	23780				
48,85421304	0,027172449	0,057101565	23828				
48,97016785	0,030943648	0,058909229	23872				
49,08906626	0,028569657	0,064889509	23913				
49,19662996	0,028565547	0,053622703	23957				
49,30662856	0,028675065	0,053687788	24001				
49,41399063	0,02885566	0,054202674	24045				
49,52585715	0,030917224	0,055693113	24089				
49,63662594	0,02955427	0,054519771	24130				
49,74422852	0,028695791	0,053320718	24174				
49,84981665	0,028662299	0,052607782	24218				
49,95590018	0,02865986	0,052600153	24255				
50,06223263	0,028953183	0,051004819	24299				
50,17336549	0,03431082	0,052327903	24343				
50,28555918	0,028263288	0,059151715	24391				
50,40137806	0,028103277	0,058610855	24431				
50,51055108	0,028013129	0,05538224	24476				
50,61710725	0,028925619	0,05164373	24524				
50,7322173	0,037088956	0,052516262	24568				
50,8410022	0,027830589	0,055776992	24612				
50,94971125	0,029045348	0,054128174	24660				
51,05772288	0,029124368	0,05316638	24704				
51,16916276	0,029419028	0,056114843	24748				
51,28511205	0,031610641	0,057397933	24792				
51,39717143	0,030833272	0,056446347	24840				
51,50174922	0,028154719	0,052072154	24888				
51,61051454	0,02864014	0,053572043	24932				
51,71879428	0,030568533	0,050405181	24976				
51,82863115	0,030315164	0,052210587	25017				
51,94108151	0,032551287	0,053979104	25065				
52,05190562	0,029253178	0,05530883	25113				
52,15805335	0,028859393	0,051403673	25157				
52,26608993	0,03142221	0,051531858	25198				
52,37002588	0,026784852	0,052798064	25246				
52,51509898	0,028194018	0,089434992	25291				
52,69805668	0,082807969	0,074435341	25386				
52,83720477	0,030659705	0,081331356	25441				
52,96486114	0,027464182	0,074369448	25500				
53,0827561	0,030253363	0,060990436	25545				
53,22532306	0,038503495	0,076228837	25609				
53,35734382	0,030316536	0,07573334	25674				
53,49165003	0,034585748	0,069575802	25733				
53,63162239	0,041271552	0,068297023	25791				
53,75238641	0,038179683	0,051060411	25839				
53,89162436	0,035676151	0,070650189	25902				
54,00243864	0,031448978	0,052591395	25947				
54,15342586	0,043173524	0,07721684	26002				
54,27696512	0,034634188	0,052663134	26046				
54,39742559	0,028683023	0,066896042	26102				
54,51635599	0,028156949	0,06521547	26165				
54,65151078	0,035804836	0,073846487	26222				
54,77993554	0,043339335	0,051825186	26270				
54,89857255	0,034019824	0,058681099	26310				
55,03486535	0,029207014	0,080259045	26373				
55,13992571	0,029464445	0,048857882	26417				
55,26808585	0,029334325	0,073795129	26477				
55,39494581	0,026863816	0,07422293	26540				
55,49809525	0,027426852	0,049840025	26585				
55,61542796	0,031491126	0,059943638	26633				
55,72398046	0,028513945	0,054504475	26681				
55,82892229	0,028261976	0,050318008	26725				
55,95293355	0,028350389	0,06995913	26788				
56,06346623	0,028660279	0,056887587	26836				
56,18178899	0,02699876	0,065034171	26896				
56,29530833	0,028072199	0,059389727	26937				
56,40112068	0,028366276	0,051929934	26981				
56,50856173	0,028548499	0,052666848	27025				
56,61580639	0,02736222	0,053790003	27073				
56,73881852	0,028644847	0,068596218	27137				
56,85827658	0,031669221	0,055974228	27177				
56,96757121	0,028668031	0,054789535	27222				
57,07051756	0,028170524	0,049852584	27270				
57,17604797	0,027793281	0,052431246	27314				
57,28384358	0,027309335	0,054709646	27362				
57,39109981	0,027129582	0,053318101	27403				
57,4999008	0,030357256	0,052505711	27451				
57,60453162	0,027936542	0,051070775	27499				
57,72840761	0,029843748	0,066913293	27558				
57,8450535	0,036311193	0,054954033	27606				
57,95309383	0,028144104	0,054204295	27647				
58,06246889	0,030772077	0,052745712	27695				
58,17196728	0,029332364	0,055043369	27743				
58,27960305	0,029502915	0,051668993	27787				
58,38658199	0,028776853	0,052097484	27835				
58,5139372	0,02867232	0,070323411	27894				
58,61773832	0,028737008	0,049223732	27938				
58,72449438	0,028108279	0,052399185	27982				
58,85071304	0,028572362	0,070166524	28046				
58,96622478	0,029246999	0,060719757	28091				
59,06729659	0,029801603	0,04490733	28128				
59,17587285	0,028301786	0,053098135	28169				
59,29731326	0,037740618	0,05626468	28210				
59,42057868	0,027397768	0,070429189	28251				
59,52750558	0,029068729	0,05091961	28299				
59,6367298	0,028010995	0,055475898	28347				
59,7491946	0,029412336	0,055989702	28395				
59,85778172	0,028606588	0,053734075	28436				
59,96453133	0,027544342	0,052643886	28481				
60,07066839	0,029034426	0,050861961	28529				
60,18055778	0,029441655	0,054210403	28577				
60,30225325	0,02823138	0,066318811	28633				
60,42177681	0,028011003	0,066057908	28693				
60,53118921	0,031780703	0,050829383	28737				
60,63591289	0,028727946	0,049967897	28781				
60,74357583	0,030686494	0,050111721	28826				
60,85085532	0,02835166	0,052578429	28871				
60,95923456	0,028041081	0,054313395	28919				
61,06482642	0,028321544	0,051418412	28963				
61,1738897	0,031100217	0,052085474	29004				
61,2881226	0,032082655	0,056062743	29048				
61,39705807	0,027402149	0,054910002	29092				
61,50766236	0,02897231	0,054318386	29133				
61,61621559	0,027864672	0,053107118	29178				
61,72606037	0,033614055	0,05002081	29218				
61,85257312	0,030514871	0,067984671	29275				
61,95668704	0,027394999	0,050050706	29323				
62,0618514	0,027770917	0,051012063	29364				
62,20039312	0,026647485	0,068476357	29427				
62,30844467	0,027748563	0,054462686	29471				
62,41364735	0,028196919	0,051288938	29516				
62,52061945	0,028671743	0,051799669	29564				
62,62522045	0,027872372	0,050990691	29608				
62,74952452	0,029421013	0,068643392	29652				
62,85969407	0,031743388	0,052184425	29696				
62,97654925	0,030867039	0,057631279	29744				
63,08705687	0,027548517	0,055808149	29788				
63,19591674	0,028313914	0,052275006	29836				
63,30609724	0,027435536	0,056339241	29881				
63,41791386	0,028090835	0,05648331	29929				
63,5253531	0,027146239	0,053480112	29974				
63,6306664	0,027704505	0,051072771	30019				
63,73791632	0,028435152	0,052384901	30063				
63,85390984	0,027567138	0,060968563	30111				
63,96584562	0,027398912	0,053326866	30156				
64,07435829	0,027898945	0,052450509	30200				
64,18776733	0,031232295	0,054475537	30248				
64,29892438	0,027977034	0,054243985	30289				
64,41699244	0,029267479	0,0601826	30337				
64,52453908	0,028423956	0,052081743	30381				
64,63454301	0,027867529	0,054296799	30426				
64,74430144	0,027950187	0,051025793	30471				
64,85749432	0,028655043	0,058009762	30516				
64,97046913	0,02826098	0,050606209	30560				
65,08050145	0,028061138	0,05382863	30608				
65,19249662	0,028805737	0,054385785	30653				
65,30785678	0,029886609	0,057141597	30701				
65,45749757	0,065661076	0,056162472	30745				
65,57515411	0,033113607	0,055390221	30786				
65,68732002	0,029476067	0,053294573	30830				
65,79963427	0,028447562	0,05548948	30874				
65,9140113	0,029413138	0,057244691	30914				
66,02237384	0,028789254	0,051120635	30959				
66,13059164	0,027669454	0,054138649	31003				
66,23948453	0,02724448	0,055287244	31051				
66,34969975	0,027642006	0,055770468	31095				
66,46397528	0,031783599	0,054543898	31139				
66,57156433	0,027973529	0,05142442	31184				
66,68511503	0,028576449	0,058038685	31229				
66,79715007	0,031584215	0,053089105	31270				
66,90454392	0,028185328	0,050493458	31314				
67,00738603	0,028273358	0,046902718	31355				
67,12151933	0,031241788	0,056205795	31403				
67,24103674	0,035608996	0,053355891	31448				
67,3520905	0,029007398	0,052806258	31489				
67,47333722	0,035876765	0,055849159	31537				
67,5896497	0,028794957	0,058565306	31585				
67,69960372	0,028224315	0,054070083	31633				
67,80579288	0,028900747	0,050320838	31674				
67,92452035	0,029896135	0,05847598	31715				
68,03753202	0,031557734	0,052539379	31759				
68,14719048	0,028988446	0,053236452	31804				
68,25839186	0,030349856	0,052423384	31849				
68,36935684	0,029743486	0,052944091	31893				
68,4796853	0,03069324	0,051535845	31938				
68,59161247	0,031137778	0,051164636	31979				
68,69852693	0,028662342	0,050592536	32020				
68,81272084	0,02889485	0,056480276	32065				
68,92435688	0,029334031	0,052908532	32106				
69,03962625	0,029847237	0,056429131	32150				
69,15087179	0,03000756	0,052812316	32194				
69,2674787	0,031321648	0,05570079	32238				
69,37901704	0,027728534	0,05540319	32283				
69,49414112	0,028102379	0,058364336	32331				
69,60269276	0,028738764	0,051841963	32372				
69,71403804	0,028003507	0,056200103	32420				
69,82809473	0,027414222	0,055657823	32464				
69,93823305	0,027977628	0,054689212	32509				
70,04583483	0,028032806	0,050068804	32553				
70,15666492	0,028892369	0,05339148	32601				
70,2651889	0,028715839	0,051204333	32645				
70,38489191	0,027838948	0,063747568	32693				
70,49873646	0,031799379	0,053913579	32737				
70,60655019	0,028438103	0,0511998	32777				
70,71549026	0,029183694	0,052048231	32822				
70,83286361	0,028926845	0,059794487	32866				
70,94157272	0,028677754	0,051114933	32910				
71,05366831	0,029062475	0,054160592	32955				
71,18922128	0,055197865	0,052081684	33003				
71,30628973	0,030745313	0,054698294	33044				
71,41523178	0,027940598	0,053072165	33089				
71,52718565	0,028726534	0,053367774	33133				
71,63778293	0,028986008	0,052533347	33177				
71,75660362	0,03487119	0,052080661	33225				
71,86821818	0,029071	0,053995462	33269				
71,98087772	0,029023512	0,054702057	33310				
72,09005685	0,028843259	0,051603586	33354				
72,19822457	0,027570202	0,052611501	33402				
72,30942387	0,028219481	0,052990231	33446				
72,4177635	0,028498196	0,052094847	33487				
72,52518236	0,028035907	0,051416083	33535				
72,64185142	0,028860633	0,059253109	33583				
72,75487482	0,029005897	0,05406075	33623				
72,8686699	0,028421301	0,056366716	33667				
72,98053219	0,031125373	0,052365276	33712				
73,09293864	0,028620489	0,054885843	33756				
73,20856487	0,02867092	0,054239255	33804				
73,31979845	0,028603301	0,052344448	33845				
73,42837672	0,028722814	0,051504633	33885				
73,53480294	0,028847393	0,048674783	33926				
73,65098185	0,02984406	0,0509641	33970				
73,76655187	0,028103212	0,058496998	34014				
73,87735065	0,028143802	0,053789007	34062				
74,00085388	0,040966658	0,053662761	34107				
74,10961846	0,028460651	0,051022473	34152				
74,22208966	0,031212617	0,053056743	34200				
74,33432536	0,028669029	0,055023356	34245				
74,44581298	0,028163853	0,05400088	34286				
74,55936708	0,028596035	0,055993512	34334				
74,67270466	0,027626434	0,057614322	34379				
74,77984743	0,02796665	0,051006222	34419				
74,89321244	0,030999888	0,05371914	34467				
75,00645187	0,032340631	0,052091443	34512				
75,12686279	0,028773213	0,054365249	34557				
75,23664671	0,030086885	0,050020384	34598				
75,35139715	0,029824477	0,051656168	34642				
75,47010313	0,034350588	0,054326074	34690				
75,5871963	0,030340036	0,054431652	34738				
75,70062143	0,029137181	0,054553775	34779				
75,80831851	0,027397454	0,05120891	34819				
75,91951635	0,029530155	0,052650529	34864				
76,03675821	0,029110083	0,058121208	34908				
76,14772399	0,02768871	0,054725967	34956				
76,27116154	0,029116385	0,056768794	35004				
76,38425259	0,028640163	0,054873969	35048				
76,51218595	0,031695145	0,063706196	35093				
76,63753332	0,033082493	0,063418808	35141				
76,7573363	0,036226862	0,053250632	35186				
76,8700688	0,028804185	0,053761605	35230				
76,98078773	0,028874245	0,051847742	35275				
77,09820598	0,030453059	0,058081513	35319				
77,21404293	0,031370841	0,055076966	35367				
77,32928361	0,029663273	0,055606987	35411				
77,44662598	0,029126459	0,057348189	35455				
77,56220698	0,029041489	0,055971457	35496				
77,68023467	0,029774125	0,051538569	35544				
77,794118	0,02840574	0,054472538	35592				
77,90558835	0,028105888	0,053581373	35632				
78,05319032	0,064777218	0,05360493	35680				
78,17032028	0,036165531	0,050633136	35721				
78,28075994	0,027214488	0,054683971	35769				
78,39799731	0,026954926	0,061960206	35813				
78,50320255	0,027899947	0,048800781	35854				
78,61729138	0,030103418	0,053482961	35895				
78,7297377	0,027959535	0,05518112	35943				
78,84514129	0,029289428	0,056872016	35983				
78,95519316	0,027926212	0,052655269	36027				
79,06683758	0,027818229	0,054360149	36071				
79,18123358	0,030163966	0,054334804	36115				
79,3008607	0,028769189	0,06095069	36160				
79,41691783	0,031095886	0,053305715	36201				
79,52602409	0,028380029	0,051954597	36249				
79,64716468	0,028271595	0,062016768	36297				
79,75788926	0,028711519	0,051485725	36345				
79,87284558	0,029607364	0,055769016	36386				
79,98446046	0,029438912	0,053540057	36427				
80,09444124	0,028980592	0,051810278	36468				
80,22628712	0,049856735	0,053671478	36516				
80,33538063	0,027473807	0,051755072	36561				
80,4473511	0,027567905	0,055695564	36605				
80,55517489	0,02776569	0,051670765	36646				
80,66618676	0,031927403	0,049917045	36687				
80,78724307	0,030112067	0,061679987	36731				
80,90104327	0,028756062	0,054916952	36775				
81,01136938	0,028836565	0,052280337	36816				
81,12179204	0,028384414	0,052969697	36864				
81,23731584	0,029428678	0,055100005	36909				
81,34288118	0,028168593	0,048560838	36945				
81,45438602	0,027381033	0,054911925	36986				
81,56649295	0,027678612	0,054896905	37027				
81,68024607	0,030378178	0,053327313	37071				
81,79544203	0,028435897	0,056582432	37116				
81,90703988	0,030826175	0,051588514	37157				
82,01043909	0,026924513	0,047868842	37198				
82,12099858	0,026788987	0,051277788	37246				
82,2348824	0,029236037	0,056389465	37290				
82,3587819	0,028952405	0,055390484	37334				
82,47363484	0,029026465	0,056583499	37379				
82,58594229	0,028796793	0,052940726	37423				
82,70507577	0,030357644	0,058661797	37463				
82,81560736	0,028765561	0,052491545	37503				
82,92940692	0,028908988	0,056048321	37543				
83,04110283	0,028786869	0,051282622	37584				
83,15666892	0,031560227	0,052051844	37629				
83,27286115	0,029012709	0,0536662	37673				
83,38838973	0,028634549	0,055524514	37717				
83,50127835	0,029857681	0,051895942	37758				
83,61302155	0,030360634	0,050836983	37803				
83,72676499	0,030431141	0,052404257	37848				
83,83965595	0,02858735	0,05287092	37892				
83,96416727	0,028857817	0,059369078	37936				
84,08030988	0,028491153	0,05716499	37984				
84,19085113	0,028793141	0,051693646	38025				
84,31054574	0,028719954	0,061326557	38065				
84,43941493	0,030967009	0,057990222	38106				
84,55986607	0,028771031	0,060443243	38154				
84,67445529	0,029448122	0,054750381	38198				
84,79356673	0,03048764	0,056858646	38242				
84,91428346	0,028665362	0,059517676	38286				
85,04951521	0,028316546	0,076064623	38330				
85,16167005	0,028753057	0,053819508	38375				
85,27907305	0,03044009	0,05622097	38419				
85,38950692	0,029131875	0,050907314	38463				
85,51002999	0,028957717	0,061313116	38508				
85,61990311	0,027518127	0,051919383	38552				
85,74722233	0,032125071	0,063997591	38596				
85,86162101	0,028387861	0,051922914	38640				
85,97049615	0,027502436	0,051440957	38681				
86,0807567	0,028462547	0,052174473	38722				
86,19203283	0,028554376	0,052651611	38763				
86,30423433	0,029437885	0,053223078	38804				
86,41383731	0,027941553	0,051839488	38848				
86,52424236	0,028743288	0,052227017	38892				
86,63479283	0,028466691	0,051802155	38936				
86,75094027	0,028721455	0,049249358	38981				
86,85970252	0,027989522	0,051511438	39025				
86,97743038	0,030737321	0,056055996	39069				
87,08855861	0,027361795	0,053394967	39110				
87,19893658	0,028168687	0,052527483	39151				
87,31636405	0,028401113	0,052493814	39195				
87,42550231	0,02836128	0,05061203	39239				
87,54613228	0,0293277	0,058352462	39283				
87,65584357	0,028208551	0,050691578	39328				
87,77155522	0,028874428	0,054558899	39376				
87,88296968	0,028025906	0,05249271	39420				
87,99483163	0,028150197	0,053331193	39460				
88,10769195	0,030098009	0,052483365	39500				
88,21965991	0,030653078	0,051305069	39544				
88,33425498	0,029285717	0,05244603	39592				
88,4471866	0,027405542	0,055606349	39637				
88,55471744	0,027907031	0,048598653	39682				
88,66253471	0,027130705	0,050510072	39723				
88,77520287	0,027294158	0,055579907	39768				
88,88381379	0,027586059	0,051325033	39804				
88,9912899	0,0277752	0,05009745	39852				
89,11048287	0,033229536	0,055811822	39893				
89,22696651	0,028102533	0,05780344	39937				
89,34461392	0,029643138	0,05484658	39978				
89,45383799	0,030590401	0,047491097	40023				
89,57494804	0,028322947	0,061394931	40067				
89,68777722	0,028433441	0,053238681	40111				
89,80494195	0,028610035	0,057604744	40155				
89,91410523	0,028480222	0,050167631	40196				
90,02825465	0,027989797	0,055100759	40240				
90,13856203	0,028007311	0,051791923	40281				
90,26908639	0,029149612	0,068498449	40325				
90,37966839	0,027291956	0,051649648	40370				
90,48805279	0,027855771	0,050798532	40411				
90,59881854	0,028682053	0,052052234	40455				
90,7609342	0,069343494	0,059974569	40495				
90,87952228	0,03012622	0,052276751	40536				
90,98882555	0,027721209	0,051667063	40580				
91,11020485	0,038608825	0,051365027	40624				
91,22698192	0,029317956	0,054567634	40668				
91,33746935	0,028528484	0,051673022	40716				
91,44567206	0,027285617	0,050551431	40760				
91,56058795	0,028405227	0,054945574	40808				
91,67296045	0,029011156	0,052289753	40849				
91,78474583	0,030866962	0,049069417	40897				
91,89891916	0,027724894	0,053037336	40938				
92,0145562	0,027774209	0,057197699	40986				
92,13555738	0,032321551	0,056689557	41030				
92,25236717	0,030464417	0,054185769	41071				
92,36786277	0,030194811	0,052250466	41115				
92,47798455	0,027841086	0,051955829	41163				
92,59214841	0,027799841	0,055374644	41203				
92,70843857	0,030995648	0,055312337	41247				
92,8220615	0,028280605	0,05438341	41287				
92,93800677	0,029282964	0,052499368	41335				
93,05021939	0,028866448	0,052157174	41380				
93,15694854	0,02818615	0,048029925	41416				
93,26914447	0,027520918	0,054400482	41464				
93,38812185	0,035397745	0,053583532	41508				
93,50104569	0,029999579	0,052823291	41549				
93,61267609	0,029125497	0,050810674	41594				
93,72408329	0,028167844	0,052937517	41638				
93,83767821	0,02780925	0,050754498	41679				
93,95616761	0,030164606	0,054180853	41716				
94,07065586	0,02883118	0,054843243	41764				
94,1812743	0,028635536	0,050164605	41808				
94,29126376	0,028386896	0,050402314	41852				
94,40777127	0,033184472	0,052615893	41897				
94,51920226	0,029675754	0,050995151	41937				
94,6403556	0,03575907	0,052338084	41982				
94,75632541	0,03142508	0,051822209	42030				
94,87491345	0,029445826	0,055605204	42075				
94,99797832	0,02880027	0,061488839	42119				
95,11072813	0,030754062	0,049688437	42163				
95,22249834	0,029290298	0,05090047	42208				
95,33410368	0,027895514	0,052463854	42253				
95,45143276	0,028348143	0,056954527	42301				
95,56220068	0,027536954	0,049487252	42342				
95,67587112	0,02972208	0,052915428	42390				
95,79119488	0,030063604	0,052904374	42435				
95,9086849	0,033291575	0,052706006	42472				
96,01958169	0,02838729	0,050926143	42513				
96,13110016	0,028156984	0,052426941	42561				
96,24758272	0,028954067	0,055800451	42609				
96,36324596	0,027720127	0,053023323	42657				
96,47954455	0,031424892	0,05427706	42701				
96,59086091	0,027630745	0,050847042	42749				
96,7028101	0,02790797	0,053539167	42797				
96,81483221	0,027344975	0,053524342	42841				
96,92848351	0,029072015	0,052508596	42889				
97,04088863	0,02701273	0,053127629	42930				
97,15726985	0,031276963	0,053124744	42975				
97,27402694	0,028500962	0,053145657	43020				
97,39137829	0,027655143	0,052007709	43061				
97,50662377	0,030134744	0,052068617	43106				
97,61778883	0,028356531	0,050198791	43143				
97,74017589	0,03502009	0,052308008	43188				
97,85409742	0,028593996	0,053512002	43233				
97,98198358	0,029970944	0,064242885	43274				
98,10801294	0,030530368	0,053391236	43319				
98,21955988	0,027585936	0,052489592	43363				
98,34396568	0,029548378	0,061664267	43404				
98,46931171	0,037391732	0,052204595	43448				
98,58993741	0,033265023	0,054532234	43488				
98,70378911	0,028469341	0,053614779	43532				
98,820248	0,029336649	0,054472689	43577				
98,93972872	0,0285693	0,059174385	43622				
99,05509965	0,028089937	0,054693368	43670				
99,16471956	0,02851144	0,050633266	43714				
99,30919388	0,027522372	0,054681236	43759				
99,42743277	0,02808739	0,054920765	43807				
99,55958547	0,027367718	0,061744659	43852				
99,66969687	0,026885758	0,050740618	43897				
99,7871997	0,032781891	0,052075571	43938				
99,90284993	0,028912821	0,052958546	43983				
100,0212553	0,029083884	0,05675379	44027				
100,1302569	0,027659664	0,050437335	44068				
100,2407156	0,029221858	0,049990766	44109				
100,3536277	0,029172909	0,052479423	44154				
100,4672795	0,026937008	0,053657923	44202				
100,5769297	0,028204507	0,049919517	44243				
100,6908034	0,028979661	0,05051057	44287				
100,8093383	0,029353699	0,056482734	44331				
100,9242333	0,028582797	0,053580834	44375				
101,0396615	0,032425197	0,050584457	44419				
101,1547053	0,028969208	0,053147316	44464				
101,270873	0,030513115	0,052285736	44505				
101,3881729	0,027681992	0,055409316	44546				
101,5068661	0,028732735	0,056628419	44587				
101,6185536	0,028544344	0,050750867	44635				
101,7329564	0,03181157	0,050799029	44683				
101,8480873	0,028482325	0,054321972	44727				
101,9618239	0,028173007	0,052568303	44771				
102,0780284	0,03042329	0,052613127	44812				
102,1911491	0,027866042	0,053331156	44857				
102,3084439	0,030952418	0,054713785	44898				
102,4216378	0,02817656	0,051628406	44938				
102,5369181	0,031920949	0,051091678	44983				
102,6526937	0,028839088	0,053893052	45027				
102,7701935	0,028934427	0,055048316	45068				
102,8831295	0,027457145	0,053878159	45116				
102,9941337	0,026920946	0,051463571	45157				
103,1058107	0,027348754	0,051484789	45201				
103,2221911	0,028276814	0,052980704	45245				
103,335411	0,027264044	0,053017969	45289				
103,4465307	0,027642221	0,051677711	45334				
103,5636677	0,031725562	0,053044256	45378				
103,6770517	0,028062244	0,052016361	45426				
103,7921245	0,027207815	0,055755516	45471				
103,9037591	0,027743112	0,051964304	45515				
104,0263419	0,03134124	0,05899471	45563				
104,1390982	0,026427678	0,053909977	45604				
104,2525332	0,02785326	0,052881102	45652				
104,3669657	0,027226127	0,054247464	45697				
104,4787848	0,027462492	0,051000025	45738				
104,5931559	0,02924379	0,05020233	45775				
104,7054683	0,028677671	0,051015121	45819				
104,8316563	0,029409387	0,064526752	45860				
104,951696	0,032486102	0,053694816	45905				
105,075924	0,028615988	0,063462026	45946				
105,1951221	0,029553692	0,05602374	45991				
105,3206604	0,033847154	0,056939961	46032				
105,4399116	0,028527447	0,055833388	46077				
105,5534702	0,027971717	0,051893322	46121				
105,6795871	0,028389859	0,065060868	46165				
105,7952993	0,031092477	0,051540002	46209				
105,9114222	0,032016383	0,052141894	46254				
106,0299319	0,027975334	0,056540446	46299				
106,147488	0,027915063	0,052814148	46344				
106,266636	0,031630343	0,054421299	46388				
106,3785798	0,027240316	0,051514454	46428				
106,492031	0,028349265	0,052036312	46472				
106,6162879	0,031852806	0,058224163	46513				
106,7309689	0,030194209	0,0525474	46553				
106,8438628	0,028239785	0,051903961	46601				
106,9518589	0,027179554	0,048303758	46637				
107,0728279	0,028073175	0,05928302	46682				
107,1868171	0,027728239	0,054450812	46726				
107,2961071	0,027324513	0,049966198	46762				
107,410741	0,02793782	0,051873541	46806				
107,5277174	0,032173326	0,052986334	46846				
107,6427697	0,027362616	0,054353617	46890				
107,7559468	0,028277559	0,05253472	46931				
107,8735372	0,029152011	0,056195636	46976				
107,9885097	0,027811573	0,053708075	47020				
108,1031283	0,028379208	0,054171065	47065				
108,2161504	0,028195912	0,049955236	47106				
108,3402528	0,028579534	0,062596764	47151				
108,4538828	0,027370244	0,053222213	47195				
108,5709547	0,027644761	0,056554309	47240				
108,6880576	0,029196732	0,054242945	47281				
108,8278445	0,054989696	0,052421686	47326				
108,9409822	0,027814163	0,053128565	47367				
109,0550927	0,027930937	0,050384598	47411				
109,1693017	0,028447838	0,052372888	47452				
109,2883879	0,028470816	0,057127536	47496				
109,4035248	0,028231683	0,053935949	47537				
109,5198954	0,028727198	0,054327266	47581				
109,6479849	0,038544223	0,05580614	47622				
109,7676031	0,027738454	0,05500009	47667				
109,8843221	0,027707152	0,053392626	47712				
109,9997977	0,029288189	0,052775249	47753				
	0,0295628	0,053966696			Initial execution	0,061755936	