Discovery and Parsing time	Parsing time	Ontology instantiation time	Triples numbers		Initial execution	9,554915853	1118
0,413095104	0,059153045	0,07227895	1286				
0,524849688	0,026793822	0,068053066	1379				
0,623515131	0,024317455	0,05864074	1465				
0,709531204	0,023925235	0,045210082	1523				
0,813360224	0,023422978	0,06372512	1597				
0,914830262	0,024700449	0,061158654	1671				
1,012969423	0,022810478	0,059433708	1743				
1,113300738	0,023921911	0,060578731	1816				
1,198989862	0,023554093	0,046288837	1868				
1,298215778	0,023142205	0,060473676	1941				
1,385745188	0,024055327	0,047371532	1996				
1,490053829	0,025442003	0,061908506	2064				
1,582605932	0,031157409	0,044698864	2113				
1,689494294	0,025278893	0,064737357	2181				
1,790382327	0,025271909	0,05796421	2249				
1,901352426	0,026630466	0,059773656	2314				
1,991125839	0,02734631	0,043799548	2365				
2,076635418	0,026138911	0,042647914	2417				
2,185916561	0,027518302	0,063679613	2485				
2,27473626	0,026352202	0,045263037	2537				
2,378871134	0,026434791	0,058879137	2606				
2,508265793	0,025204091	0,086738496	2673				
2,608885199	0,023475937	0,061298979	2725				
2,699685341	0,028803756	0,043298001	2777				
2,788629051	0,024353799	0,048559702	2829				
2,878403302	0,024449554	0,049011315	2881				
2,981640759	0,023838575	0,062211565	2949				
3,070216898	0,024084124	0,047757444	2997				
3,185255007	0,024284447	0,066827732	3067				
3,272883725	0,024992998	0,045643806	3115				
3,362350217	0,024375547	0,047780508	3163				
3,45052227	0,024255063	0,046903972	3215				
3,545117284	0,024188978	0,053525945	3263				
3,65850075	0,024391004	0,071760026	3327				
3,749056858	0,027130745	0,047105103	3375				
3,835800909	0,024447346	0,045951546	3427				
3,923046235	0,024051723	0,047331113	3479				
4,013467645	0,023766909	0,0491203	3531				
4,09817735	0,023921881	0,044971138	3583				
4,189500893	0,026284035	0,047310051	3635				
4,289099828	0,029877639	0,050922553	3683				
4,397199636	0,024851753	0,047514817	3735				
4,501627848	0,024976463	0,061313966	3804				
4,59242853	0,025501577	0,048014903	3856				
4,679551304	0,024640295	0,045134062	3908				
4,769344395	0,027321899	0,044810144	3956				
4,857349636	0,024485209	0,045832568	4008				
4,950629376	0,024814659	0,05049229	4056				
5,037490865	0,024634579	0,044659958	4108				
5,149046208	0,032071234	0,0619699	4175				
5,237200911	0,024109968	0,046426094	4219				
5,328141166	0,0237885	0,050496799	4271				
5,434807209	0,024537041	0,06272828	4341				
5,536164922	0,024168504	0,048668058	4393				
5,61919481	0,024829897	0,041670095	4441				
5,711356677	0,024575037	0,049753958	4493				
5,8046542	0,02687967	0,050069749	4541				
5,895261733	0,024044111	0,048957152	4593				
5,983539461	0,023687221	0,046835856	4645				
6,070020244	0,024158602	0,045015908	4697				
6,157916589	0,023994274	0,047369426	4749				
6,246214398	0,024323569	0,046280518	4794				
6,333088565	0,02303958	0,047383491	4846				
6,422608813	0,024778113	0,047606648	4894				
6,519836227	0,023419659	0,056999192	4946				
6,63210642	0,024120187	0,069391584	5010				
6,742991549	0,029083919	0,064418009	5073				
6,83217757	0,026694555	0,045569194	5121				
6,924463544	0,024074115	0,050558014	5169				
7,012040359	0,024956811	0,044970868	5217				
7,108046156	0,025794384	0,04701594	5269				
7,194330053	0,023765695	0,045965863	5317				
7,283113765	0,024369269	0,046708167	5365				
7,37674488	0,023522381	0,052374233	5417				
7,465914371	0,023138123	0,048819638	5469				
7,552425427	0,024050842	0,045905199	5513				
7,644095366	0,026305138	0,048442133	5554				
7,736255171	0,02344242	0,051913457	5606				
7,835401749	0,027733817	0,050527245	5650				
7,940160781	0,023479947	0,06330894	5718				
8,029920887	0,023337284	0,048643195	5766				
8,119820994	0,024247232	0,047795294	5818				
8,228926343	0,024465372	0,067155863	5885				
8,319283505	0,023648442	0,048903327	5933				
8,40788403	0,023635142	0,047411986	5985				
8,500327786	0,025042156	0,046709203	6033				
8,591243118	0,023963938	0,049728007	6081				
8,690408218	0,024958326	0,056832708	6129				
8,779297153	0,024750292	0,04736581	6177				
8,87372731	0,029907067	0,047437527	6229				
8,979913012	0,024705523	0,059640454	6281				
9,083693906	0,024546006	0,061448511	6329				
9,177532093	0,02541844	0,050017503	6377				
9,266462141	0,024617207	0,046490578	6425				
9,360436809	0,02529939	0,051137504	6473				
9,452207367	0,02416227	0,050353507	6521				
9,551039626	0,024310836	0,056759475	6573				
9,642453703	0,02319612	0,050583646	6621				
9,730193115	0,023441458	0,047408536	6670				
9,816582251	0,023287958	0,046093998	6718				
9,911118676	0,028339783	0,048580772	6770				
10,00208675	0,023503337	0,05051858	6818				
10,09065623	0,023463812	0,044960766	6866				
10,18122779	0,023444573	0,049911833	6914				
10,27239863	0,024263745	0,049720137	6962				
10,36589249	0,022950574	0,053333762	7010				
10,45576506	0,02370367	0,048942457	7062				
10,54666001	0,023476393	0,050165886	7110				
10,6387337	0,024226478	0,050884063	7158				
10,73024934	0,023915257	0,05024633	7206				
10,82124283	0,022982189	0,050513689	7254				
10,94992512	0,059238759	0,050705539	7302				
11,04253922	0,02678799	0,048499097	7350				
11,14007319	0,023952894	0,053802453	7398				
11,22813614	0,023804107	0,047048567	7446				
11,3236157	0,024098023	0,053858261	7498				
11,4121495	0,023424746	0,046922232	7550				
11,50025618	0,023228792	0,047558361	7602				
11,59225976	0,023644732	0,049976732	7650				
11,68261022	0,023330608	0,048360643	7698				
11,77409946	0,023599969	0,049349227	7746				
11,86788878	0,023796293	0,052250116	7795				
11,96167974	0,025343719	0,050915724	7843				
12,05491922	0,027935942	0,048122157	7891				
12,15040952	0,024002707	0,0539899	7939				
12,2454455	0,024993676	0,05168484	7987				
12,34121074	0,02285923	0,055186396	8035				
12,43189344	0,024054315	0,048726065	8087				
12,5286721	0,023289447	0,055774729	8135				
12,62034281	0,023205804	0,050333866	8183				
12,71029333	0,024366003	0,047849231	8231				
12,80541026	0,023660363	0,054011499	8279				
12,89651814	0,025538403	0,047990017	8331				
13,0186223	0,051606349	0,052296125	8379				
13,11475729	0,028435077	0,049936655	8423				
13,20956008	0,023850397	0,051575754	8471				
13,30567454	0,02547233	0,052356922	8519				
13,39720886	0,025179694	0,048147758	8571				
13,48523383	0,023554151	0,046293904	8616				
13,57353687	0,024215137	0,044896876	8664				
13,66686041	0,023640721	0,051049989	8716				
13,75874181	0,023444936	0,049233738	8764				
13,85249349	0,027644413	0,046715742	8812				
13,94357573	0,023749596	0,048053158	8856				
14,04107095	0,027912275	0,049629863	8908				
14,13877465	0,027982803	0,051519758	8956				
14,23330003	0,023684622	0,048072545	9004				
14,3251613	0,022828371	0,05077009	9052				
14,4189556	0,023719186	0,051651598	9097				
14,51131417	0,024986953	0,047734253	9145				
14,60403377	0,023740434	0,050381708	9189				
14,69803145	0,026411919	0,048408286	9237				
14,79077477	0,024592496	0,049309587	9285				
14,90545749	0,024247784	0,071055663	9333				
15,00577614	0,024137138	0,057908403	9385				
15,09934876	0,02423125	0,05076076	9437				
15,19951614	0,027401212	0,052644754	9485				
15,29543775	0,025487436	0,051269749	9533				
15,39299559	0,025954261	0,052743545	9581				
15,48806175	0,024073635	0,052483104	9633				
15,57881166	0,023829116	0,048191808	9681				
15,67151692	0,0242299	0,048119432	9726				
15,7672264	0,024416776	0,052184241	9774				
15,86169406	0,024429501	0,051290932	9822				
15,95655627	0,024100487	0,05227218	9867				
16,04950641	0,023729555	0,050845685	9915				
16,14060303	0,023975676	0,048874972	9963				
16,26444234	0,027661785	0,072849978	10015				
16,35919829	0,024925073	0,050613733	10064				
16,45141962	0,023244213	0,049798117	10109				
16,5454233	0,026087689	0,049172038	10161				
16,64264442	0,024642344	0,052718909	10209				
16,74199741	0,024539123	0,05533043	10253				
16,84483126	0,024702226	0,059154679	10298				
16,94078657	0,024677533	0,051798453	10346				
17,03534957	0,025371318	0,048963861	10394				
17,13223685	0,02410929	0,053202987	10442				
17,23922037	0,026610339	0,05463883	10490				
17,33850557	0,027863963	0,052154635	10538				
17,43611115	0,025700393	0,051207511	10586				
17,53173413	0,024746787	0,052307774	10634				
17,62551178	0,026624802	0,048776363	10679				
17,72895762	0,024628733	0,060304974	10727				
17,83057909	0,024705314	0,058294648	10771				
17,92758346	0,025133826	0,053462155	10819				
18,01964037	0,024972346	0,047493572	10867				
18,11161718	0,025297082	0,047299778	10915				
18,20996473	0,025353732	0,053530864	10963				
18,30776498	0,02417537	0,049838389	11015				
18,40939695	0,027697885	0,054877636	11067				
18,52359428	0,0460784	0,04855571	11115				
18,6180973	0,024803447	0,050586428	11160				
18,71095559	0,025406467	0,048116794	11208				
18,80946568	0,025637701	0,053831948	11256				
18,90587673	0,024574893	0,052332306	11300				
18,99981821	0,023771581	0,05078399	11348				
19,09136318	0,02407028	0,048431377	11396				
19,18363493	0,024528077	0,047558194	11444				
19,28312288	0,024269185	0,055236208	11496				
19,37830288	0,025069497	0,050088651	11544				
19,48295507	0,030119116	0,054457564	11596				
19,57751991	0,024987863	0,050208511	11644				
19,67223681	0,025174411	0,049686074	11685				
19,76471443	0,025790876	0,047334127	11729				
19,85727321	0,025410883	0,048069442	11774				
19,950562	0,024385238	0,049217654	11822				
20,0474232	0,027979839	0,048535835	11870				
20,14143827	0,024960407	0,049504255	11918				
20,23868914	0,024373585	0,053419448	11962				
20,32964861	0,022924548	0,048737029	12010				
20,42391352	0,025799521	0,048556515	12058				
20,52021246	0,02684492	0,050057949	12106				
20,61429285	0,023890685	0,050857827	12154				
20,70837993	0,024027251	0,049897022	12202				
20,80152135	0,024023234	0,049714082	12250				
20,89542008	0,024804996	0,049533639	12298				
20,99239533	0,024302891	0,051306988	12346				
21,09022468	0,023890792	0,052851617	12394				
21,18247406	0,023994255	0,048084578	12435				
21,28092868	0,024937127	0,051362165	12483				
21,38193333	0,023973362	0,057131577	12531				
21,47701519	0,023721931	0,051578024	12583				
21,60817128	0,061817343	0,04922933	12631				
21,70761516	0,026889222	0,052928544	12679				
21,82272618	0,025322352	0,054501798	12731				
21,92090012	0,025775957	0,05203917	12779				
22,01954551	0,025092699	0,054215909	12823				
22,11681595	0,024016386	0,052942896	12868				
22,21981783	0,024074641	0,056185556	12916				
22,31953929	0,025421211	0,051349934	12956				
22,41583073	0,025278847	0,050549275	13008				
22,50925577	0,023392662	0,050035622	13052				
22,60643338	0,026200493	0,050430066	13096				
22,70245752	0,023951795	0,051307309	13144				
22,80581275	0,027319477	0,055830816	13189				
22,90474596	0,024688704	0,054020817	13237				
23,00010216	0,023721138	0,051012094	13285				
23,09696488	0,024946545	0,051666191	13333				
23,19182253	0,024099183	0,050833929	13381				
23,29864413	0,024596631	0,054672128	13433				
23,39537218	0,025752516	0,050043196	13474				
23,48995699	0,025161827	0,049646685	13522				
23,58826342	0,023945535	0,054134561	13570				
23,68562006	0,025363031	0,051135878	13618				
23,77904342	0,023155936	0,050312269	13666				
23,87609054	0,027088585	0,048553722	13710				
23,97328267	0,024596847	0,052325286	13758				
24,06414712	0,023537727	0,047258843	13802				
24,15501133	0,023936328	0,04716997	13843				
24,24949944	0,023227607	0,048315395	13891				
24,34386916	0,023472248	0,051469723	13939				
24,43678928	0,024062349	0,049470187	13987				
24,53013269	0,02565461	0,04767438	14031				
24,62234462	0,024134183	0,047593637	14079				
24,71951858	0,023189366	0,05326268	14127				
24,8161317	0,024023676	0,052258246	14175				
24,92161448	0,02796492	0,053805657	14220				
25,02455222	0,023414801	0,058651886	14265				
25,1275908	0,023340811	0,058837106	14313				
25,225325	0,023124756	0,051275243	14361				
25,32567553	0,023313584	0,056147488	14405				
25,42978798	0,024110494	0,059719295	14450				
25,52596447	0,023713137	0,051457892	14498				
25,62860044	0,025120839	0,057439619	14542				
25,72218253	0,023501555	0,050877418	14586				
25,82158108	0,024306942	0,054226563	14634				
25,91565477	0,024533063	0,048891048	14678				
26,01330258	0,026864488	0,050846549	14723				
26,10977094	0,024176743	0,052823934	14767				
26,20220555	0,023724194	0,049268224	14811				
26,29700106	0,023993642	0,050681865	14863				
26,39449141	0,024852466	0,052457776	14908				
26,4893394	0,027018071	0,048204628	14953				
26,58371817	0,025092957	0,049956444	15001				
26,67477643	0,023725645	0,048029499	15049				
26,7689729	0,024322299	0,049956393	15097				
26,86664836	0,023811348	0,054320952	15145				
26,96506171	0,024735539	0,053334393	15194				
27,08009776	0,026803198	0,068265129	15242				
27,17213301	0,023698172	0,047387474	15290				
27,26784125	0,023725249	0,050829876	15334				
27,36622422	0,023731521	0,053975098	15378				
27,4591836	0,023806568	0,048785926	15422				
27,55475451	0,024095771	0,051338721	15470				
27,65237774	0,026408727	0,049029696	15515				
27,7428013	0,023512462	0,046763952	15559				
27,83797069	0,023107028	0,051801087	15607				
27,92970316	0,023145182	0,048054721	15652				
28,02677968	0,02480386	0,047651636	15700				
28,12093297	0,025925171	0,047593386	15748				
28,21514095	0,023408431	0,049954789	15796				
28,31349507	0,025169895	0,05244251	15837				
28,40772341	0,024028425	0,04923782	15885				
28,50203941	0,025169503	0,047912559	15929				
28,59446478	0,024314697	0,047398775	15977				
28,69239111	0,026456605	0,049632003	16025				
28,7839723	0,024131597	0,04624082	16069				
28,88110208	0,024837044	0,051565798	16113				
28,97846462	0,024809178	0,051360708	16161				
29,07317026	0,023992401	0,050230637	16209				
29,16934747	0,027344719	0,047753866	16257				
29,26396219	0,024520815	0,048907258	16302				
29,35936918	0,025857927	0,048559198	16346				
29,45799101	0,024401351	0,052618059	16394				
29,55196654	0,025088358	0,047455772	16438				
29,64963425	0,025421139	0,051085757	16482				
29,74440744	0,025100458	0,048438489	16530				
29,84527717	0,024208524	0,053173044	16578				
29,94485202	0,024663174	0,052644294	16626				
30,04171091	0,025184245	0,050462026	16670				
30,13843338	0,025208475	0,050135448	16718				
30,24026542	0,028863478	0,05122829	16766				
30,34495337	0,023476687	0,059927535	16814				
30,44355797	0,025530632	0,052031474	16859				
30,5416328	0,025063336	0,051424266	16908				
30,63768615	0,025782188	0,0486814	16953				
30,73602085	0,024543689	0,051666321	17001				
30,83467644	0,025237289	0,049724588	17041				
30,93567113	0,024832746	0,054814678	17089				
31,05601389	0,048534911	0,049950741	17134				
31,1544623	0,027216139	0,05008974	17186				
31,25317142	0,024063357	0,051983548	17230				
31,35795768	0,026510725	0,055842182	17275				
31,45354921	0,024432471	0,049228498	17319				
31,55591936	0,025275393	0,050533194	17363				
31,66228084	0,025846848	0,059446166	17411				
31,77233467	0,025257751	0,062416838	17459				
31,88172348	0,025385038	0,061389321	17503				
31,98771312	0,025332789	0,053764156	17544				
32,08696496	0,024859873	0,051001505	17592				
32,18470743	0,025512639	0,048922722	17640				
32,29258938	0,025653618	0,05959046	17688				
32,39725798	0,025428709	0,055386107	17736				
32,53557684	0,059019022	0,05595728	17784				
32,63690778	0,028216206	0,050515798	17829				
32,73389974	0,024411425	0,051082546	17877				
32,83763352	0,025601389	0,053554597	17921				
32,93878233	0,024717741	0,053682138	17969				
33,04214417	0,027145452	0,052678229	18017				
33,13927525	0,024723668	0,049767701	18061				
33,24178247	0,024965965	0,054315202	18109				
33,34084212	0,025084522	0,050807835	18150				
33,4423067	0,02518205	0,053010493	18198				
33,54060715	0,024201194	0,050312904	18243				
33,64219122	0,024118502	0,051886311	18291				
33,7411483	0,028711913	0,047590203	18335				
33,83262605	0,023102988	0,047048246	18383				
33,93245243	0,023532474	0,05368032	18427				
34,02914107	0,023316468	0,051520398	18475				
34,12635785	0,025560623	0,049620008	18523				
34,22379044	0,024519858	0,050699884	18571				
34,32681473	0,024875544	0,055732054	18619				
34,42744622	0,02457772	0,054000312	18667				
34,52766422	0,026173042	0,051861002	18715				
34,6258374	0,02537313	0,049123111	18755				
34,72859553	0,024517988	0,053859267	18803				
34,82873311	0,027735791	0,050143158	18847				
34,93507804	0,025192641	0,058823571	18895				
35,03765261	0,02478229	0,054775058	18940				
35,1475422	0,025606794	0,062120721	18988				
35,24645686	0,02539473	0,050973654	19029				
35,35092364	0,025822192	0,055252341	19074				
35,45081328	0,024769287	0,051679317	19122				
35,55199686	0,025288797	0,052119705	19166				
35,65694443	0,026835029	0,054427632	19214				
35,75441524	0,02571613	0,048099681	19262				
35,84974196	0,025163817	0,047330065	19302				
35,95390123	0,028445076	0,052040671	19347				
36,05311439	0,024639565	0,051703641	19395				
36,15219261	0,024798641	0,050314301	19443				
36,25165253	0,026191789	0,049615442	19487				
36,35331429	0,024351633	0,054630935	19531				
36,45705987	0,024904001	0,054533802	19579				
36,55768471	0,025807075	0,052303507	19624				
36,65851496	0,02517775	0,050542605	19672				
36,76008042	0,02338998	0,055335222	19717				
36,85770059	0,024024017	0,05058565	19765				
36,96070705	0,024794967	0,055417208	19810				
37,0621558	0,027291407	0,051023793	19850				
37,16573212	0,026567985	0,051164394	19895				
37,26195508	0,023303892	0,049458793	19943				
37,37207497	0,023418402	0,062434553	19991				
37,47471251	0,025417384	0,055081726	20039				
37,57574932	0,023681788	0,05491362	20087				
37,67453673	0,024501395	0,050077424	20135				
37,77165142	0,023524181	0,049529198	20183				
37,86869679	0,024994188	0,049588116	20227				
37,96840061	0,023749448	0,053855949	20275				
38,07155402	0,028582599	0,051719684	20316				
38,17861721	0,027542241	0,051378641	20361				
38,28027785	0,025327273	0,052498261	20406				
38,37768897	0,02356428	0,051861499	20454				
38,47760601	0,02460053	0,052432105	20499				
38,57904965	0,024889008	0,051215248	20539				
38,67947187	0,024583956	0,052622906	20587				
38,77854028	0,024606302	0,051470792	20635				
38,87764765	0,024312624	0,051947306	20680				
38,977118	0,023366555	0,053708849	20725				
39,0795123	0,024324327	0,054185175	20773				
39,17995108	0,024073215	0,053609832	20821				
39,28220503	0,026775761	0,051893343	20869				
39,38360167	0,023473985	0,05466575	20909				
39,48220284	0,023371474	0,052785109	20957				
39,5913	0,023319649	0,062992327	21005				
39,69812627	0,024075371	0,055128844	21050				
39,80420165	0,02661746	0,055973041	21098				
39,90332953	0,024509134	0,051666493	21142				
40,00317558	0,023520194	0,053698248	21190				
40,10079625	0,02383272	0,050811452	21238				
40,22635475	0,050402931	0,051978989	21283				
40,32574837	0,023906098	0,052109563	21328				
40,44124613	0,033725897	0,057212829	21369				
40,55009035	0,025305292	0,055904781	21417				
40,66816091	0,024710082	0,064388728	21465				
40,76830478	0,02582465	0,050166048	21509				
40,87215757	0,02364797	0,055750434	21554				
40,97457973	0,024014944	0,053652065	21602				
41,07706963	0,025018876	0,051868929	21650				
41,17921332	0,024031023	0,052980739	21691				
41,28359944	0,02706033	0,05089722	21735				
41,38818125	0,024558872	0,055035077	21783				
41,48912504	0,024636789	0,052166847	21827				
41,59518903	0,027994015	0,053862516	21875				
41,69875392	0,025325726	0,054039011	21920				
41,79900996	0,024245303	0,051648618	21961				
41,89991053	0,024619181	0,052683808	22009				
41,99850571	0,024566574	0,050437945	22054				
42,10399587	0,025413455	0,05640371	22102				
42,21510714	0,024863087	0,062271275	22150				
42,31268137	0,023433752	0,050190965	22194				
42,41219652	0,023871751	0,051839823	22242				
42,51094073	0,023855956	0,048857379	22283				
42,60506684	0,023406254	0,048387541	22328				
42,70755323	0,027041918	0,051604011	22373				
42,80330934	0,023136133	0,05015263	22421				
42,90880346	0,024127729	0,058557289	22469				
43,01008861	0,024785233	0,052030225	22513				
43,10703448	0,023621987	0,048825785	22554				
43,20415632	0,02367254	0,049733036	22602				
43,30390439	0,023958939	0,050772309	22646				
43,40747992	0,023667916	0,056303831	22694				
43,50801216	0,023610861	0,051769344	22742				
43,60733691	0,024598973	0,050805127	22786				
43,70916089	0,025324076	0,052191133	22831				
43,81003978	0,027732411	0,050051245	22879				
43,91336958	0,025887915	0,053857396	22927				
44,01321537	0,024565864	0,051601307	22975				
44,11478237	0,024583548	0,053128799	23023				
44,21660527	0,026735596	0,051189943	23071				
44,31993794	0,0245317	0,054650637	23112				
44,42324202	0,025261027	0,050648739	23160				
44,52245825	0,02352093	0,051479177	23205				
44,62147018	0,025386363	0,049467653	23249				
44,71833438	0,023814576	0,048860583	23290				
44,82013826	0,023542843	0,054211547	23334				
44,92617746	0,024412067	0,056924695	23382				
45,03671713	0,027355211	0,058073096	23430				
45,13271493	0,023596868	0,048947405	23474				
45,23113473	0,023877942	0,050672251	23522				
45,33668116	0,024542451	0,055354198	23563				
45,44770603	0,023959539	0,062961836	23611				
45,55463163	0,024172789	0,057981015	23659				
45,65712164	0,024122977	0,052384306	23703				
45,75496072	0,024429128	0,048884822	23751				
45,85989025	0,025515136	0,054674487	23799				
45,96488252	0,024395466	0,056253852	23844				
46,06654893	0,02605823	0,049570117	23889				
46,16713199	0,027182013	0,048944465	23933				
46,26501945	0,022907092	0,050532914	23977				
46,36712424	0,023283282	0,05495964	24025				
46,47103377	0,023428294	0,056500475	24066				
46,57194645	0,023975973	0,051735581	24111				
46,67339967	0,023957276	0,051852886	24159				
46,7701368	0,023674749	0,049022073	24200				
46,87399447	0,023302632	0,055228236	24245				
46,97623917	0,024866261	0,052469991	24293				
47,07250295	0,023827927	0,048325895	24333				
47,17199752	0,02367416	0,051320207	24381				
47,28203349	0,02716909	0,052494665	24425				
47,38064937	0,023607795	0,052053488	24473				
47,47797949	0,023861177	0,049969004	24514				
47,5771471	0,024694066	0,050511689	24559				
47,6803931	0,023908787	0,052816924	24603				
47,77823875	0,023651731	0,050404936	24648				
47,87750269	0,024271765	0,050657978	24692				
47,9769547	0,024218016	0,05110893	24740				
48,07549373	0,023982019	0,050581806	24788				
48,1741524	0,023281798	0,049360409	24833				
48,26970717	0,023102593	0,048769532	24877				
48,37258578	0,026924863	0,052195944	24922				
48,48316429	0,02478368	0,056560254	24970				
48,58352191	0,024737235	0,050459599	25018				
48,69034968	0,026017409	0,055995599	25062				
48,79475886	0,024813689	0,054912924	25106				
48,89915676	0,026049202	0,053681805	25154				
49,00804212	0,025508943	0,058302852	25202				
49,11137732	0,024970517	0,052812025	25243				
49,21581668	0,02558665	0,053755503	25288				
49,31758875	0,024544875	0,052281024	25333				
49,41558666	0,023171052	0,050615371	25381				
	0,025322964	0,052034952			Initial execution	0,0432743	