Parsing time;Functional matching time;Corpus time;Semantic matching time;Syntactic matching time;Ordering time;QoS matching time;SP matching time;Total matching time
0.0009527788497507572;0.2816292711067945;0.0020198149140924215;0.0004151507746428251;0.2701474572531879;0.00013665598817169666;0.005796986864879727;0.0016903078649193048;0.30279250303283334;
0.0008912971243262291;0.29765909304842353;0.001914098858833313;0.00045221997424960136;0.2861000362318009;0.0001017360482364893;0.003283014055341482;0.0019767910707741976;0.32278585503809154;
0.0008005581330507994;0.2905483308713883;0.0018956661224365234;0.00044129882007837296;0.2792110515292734;0.00014708400703966618;0.004949333146214485;0.0011534220539033413;0.3057853360660374;
0.0008395200129598379;0.2905294138472527;0.0018840029370039701;0.00044498592615127563;0.2790536116808653;0.00012177997268736362;0.00302044115960598;0.0022329729981720448;0.3169703029561788;
0.001106092007830739;0.28358392999507487;0.001867916900664568;0.0004369760863482952;0.2724277414381504;0.00010339892469346523;0.0029332160484045744;0.002105079824104905;0.3095293170772493;
0.0004015420563519001;0.2858626258093864;0.0018753060139715672;0.00042483420111238956;0.27435834729112685;0.0002098269760608673;0.007015763083472848;0.003733196994289756;0.3113270029425621;
0.00045535899698734283;0.2934873681515455;0.0019691530615091324;0.0004384308122098446;0.2821559878066182;0.00019232113845646381;0.006771530956029892;0.003199032973498106;0.3166497240308672;
0.00045873410999774933;0.2849595150910318;0.0020718160085380077;0.0004409770481288433;0.2733845445327461;9.402004070580006e-05;0.0019282810389995575;0.0012884410098195076;0.29518721206113696;
0.0003363979049026966;0.2872546911239624;0.0020123980939388275;0.00043683149851858616;0.2758225796278566;9.580608457326889e-05;0.0019092920701950788;0.0013066991232335567;0.29643484111875296;
0.00042235804721713066;0.27950858301483095;0.001868705963715911;0.0004462248180061579;0.26831087679602206;9.488407522439957e-05;0.0017684358172118664;0.0013869400136172771;0.28790627606213093;
0.00041136983782052994;0.27980511309579015;0.0018929110374301672;0.000424292404204607;0.2685307436622679;0.00017966004088521004;0.006347821094095707;0.0032735990826040506;0.3015576498582959;
0.00042182602919638157;0.28762419195845723;0.001876529073342681;0.0004530400037765503;0.27623525634407997;0.0001845071092247963;0.0067486080806702375;0.003593025030568242;0.310279160970822;
0.0003177560865879059;0.2811528919264674;0.0019190721213817596;0.0004251343198120594;0.2699170168489218;9.570992551743984e-05;0.002056325087323785;0.0011005220003426075;0.28942780615761876;
0.00032775290310382843;0.2887707829941064;0.002098287921398878;0.0004441754426807165;0.27719075325876474;0.0001846100203692913;0.006506880046799779;0.0037737071979790926;0.3114941359963268;
0.00040712999179959297;0.28544250898994505;0.00188779691234231;0.0004317148122936487;0.27395917335525155;0.00018829014152288437;0.006703801918774843;0.003705597948282957;0.3095105029642582;
0.0003478808794170618;0.28718982404097915;0.002115332055836916;0.0004516129847615957;0.27563202334567904;9.802402928471565e-05;0.001891933847218752;0.0012355810031294823;0.2958965429570526;
0.00039957789704203606;0.2862871401011944;0.0019508600234985352;0.0004441628698259592;0.27481750305742025;0.00010689906775951385;0.002020288957282901;0.0011561859864741564;0.294868147931993;
0.00032826513051986694;0.2936262299772352;0.00201572198420763;0.0004603599663823843;0.2818300270009786;0.00010221102274954319;0.0019153181929141283;0.0012177641037851572;0.3022377679590136;
0.00041076401248574257;0.2887272071093321;0.0019083688966929913;0.0004403796046972275;0.27738975547254086;0.00010865298099815845;0.0022354049142450094;0.0007649760227650404;0.2960135431494564;
0.00041031697764992714;0.2861918299458921;0.0019430851098150015;0.0004449663683772087;0.2748871932271868;9.026611223816872e-05;0.0019888768438249826;0.000933018047362566;0.29405526584014297;
0.00044328905642032623;0.2911195498891175;0.0018830911722034216;0.0004552309401333332;0.27977787842974067;9.533017873764038e-05;0.001875273883342743;0.0006769699975848198;0.2966433521360159;
0.0004285289905965328;0.28070117090828717;0.0018601079937070608;0.0004276477266103029;0.2695222496986389;0.00010111997835338116;0.0021302278619259596;0.0013550459407269955;0.2899529649876058;
0.00042608403600752354;0.2885642528999597;0.001844832906499505;0.00043297489173710346;0.27736828103661537;0.00011187093332409859;0.002088818931952119;0.0011760611087083817;0.29741242388263345;
0.00040919193997979164;0.2878672608640045;0.0018995681311935186;0.00043410295620560646;0.2763131405226886;9.886408224701881e-05;0.0020898589864373207;0.0013011100236326456;0.29695148300379515;
0.0004296128172427416;0.2870593681000173;0.0018395211081951857;0.0004436173476278782;0.2754301952663809;9.876792319118977e-05;0.001949311001226306;0.0012871278449892998;0.29615737800486386;
0.0003282309044152498;0.28567843209020793;0.001972791040316224;0.00043937284499406815;0.2741668813396245;0.00010401592589914799;0.0019104729872196913;0.0009985098149627447;0.2936381748877466;
0.0004139319062232971;0.28682892210781574;0.001909218030050397;0.0004335995763540268;0.2755403502378613;0.00010213092900812626;0.0019746930338442326;0.0012672811280936003;0.29585493891499937;
0.00042972899973392487;0.2840452049858868;0.0018487831111997366;0.00043373252265155315;0.2727821993175894;0.00011001387611031532;0.002576299011707306;0.001108662923797965;0.2937008640728891;
0.00041081407107412815;0.28539719502441585;0.001859978074207902;0.00044367811642587185;0.27426092932000756;9.498791769146919e-05;0.001885856967419386;0.0012380590196698904;0.29452456906437874;
0.00045152707025408745;0.2816908028908074;0.0019004801288247108;0.0004200008697807789;0.2701272973790765;0.00023606093600392342;0.00680147297680378;0.0027715452015399933;0.3067417030688375;
0.0004809419624507427;0.2879323901142925;0.002065239939838648;0.0004437067545950413;0.2764539588242769;0.00011632894165813923;0.0027504959143698215;0.0016337679699063301;0.299166148994118;
0.0003356889355927706;0.28272652509622276;0.00206344504840672;0.00044109439477324486;0.27135355793870986;9.994790889322758e-05;0.0019456888549029827;0.0012261809315532446;0.29138037795200944;
0.0004654729273170233;0.28990881401114166;0.001955003011971712;0.0004470418207347393;0.27831935533322394;9.735114872455597e-05;0.0019531811121851206;0.0019047630485147238;0.2994118689093739;
0.0003372619394212961;0.28421314200386405;0.0019992368761450052;0.0004389118403196335;0.2729069592896849;9.560910984873772e-05;0.0017526538576930761;0.0012288428843021393;0.29241245496086776;
0.0003293228801339865;0.28954541007988155;0.0020645891781896353;0.0004871627315878868;0.27785899047739804;9.261793456971645e-05;0.0019134830217808485;0.0011269617825746536;0.2978377549443394;
0.00041726697236299515;0.2839504189323634;0.0018565510399639606;0.00043196859769523144;0.27265665982849896;0.0001915621105581522;0.006580806104466319;0.0036460228729993105;0.3070895788259804;
