Parsing time;Functional matching time;Corpus time;Semantic matching time;Syntactic matching time;Ordering time;QoS matching time;SP matching time;Total matching time
0.00045816320925951004;0.8607567509170622;0.006364897126331925;0.0012185405939817429;0.8318170106504112;0.000321083003655076;0.010204027872532606;0.0047177160158753395;0.8883905219845474;
0.0005271718837320805;0.8639856621157378;0.006656942190602422;0.0012483589816838503;0.8351240258198231;0.00014912383630871773;0.0038354580756276846;0.0023808712139725685;0.8805877489503473;
0.0004224260337650776;0.872037849156186;0.006477996939793229;0.0012602810747921467;0.8434392644558102;0.00011453405022621155;0.0024438470136374235;0.0007889070548117161;0.8800176051445305;
0.000350290909409523;0.8632042109966278;0.006127078086137772;0.0012824197765439749;0.8352305749431252;0.00020189397037029266;0.0071958748158067465;0.0035370129626244307;0.8868502359837294;
0.000321064842864871;0.8574002832174301;0.006030665012076497;0.0012738690711557865;0.8283209977671504;0.00019480520859360695;0.006773660890758038;0.003583861980587244;0.8804269470274448;
0.00032108090817928314;0.8656946041155607;0.006199684925377369;0.0012919860891997814;0.8368775511626154;0.00012838817201554775;0.0034444350749254227;0.001919049071148038;0.8781261730473489;
0.0003215461038053036;0.8608063759747893;0.006292799022048712;0.0012897320557385683;0.8325836090371013;0.00014976994134485722;0.004272654885426164;0.002542089205235243;0.8750637299381196;
0.000410350039601326;0.8562150001525879;0.005826476030051708;0.0012687479611486197;0.8286796321626753;0.00014230003580451012;0.0036216219887137413;0.0006874429527670145;0.8640089600812644;
0.0003336810041218996;0.8595576749648899;0.006587218958884478;0.001274139853194356;0.8310873913578689;0.00010723690502345562;0.0019330070354044437;0.0012578440364450216;0.8689203830435872;
0.00041204411536455154;0.8537885388359427;0.005920524941757321;0.001255895709618926;0.8261778752785176;0.00014021596871316433;0.0039382800459861755;0.0020052569452673197;0.8682835730724037;
0.0003479789011180401;0.853879988193512;0.006152058020234108;0.0012599145993590355;0.8255059367511421;0.00020729098469018936;0.0067818129900842905;0.001784253166988492;0.8693182729184628;
0.0004109840374439955;0.8537838109768927;0.00603686086833477;0.001252463785931468;0.8260155662428588;0.00011807307600975037;0.0032603309955447912;0.0016898869071155787;0.8659997291397303;
0.0003351259510964155;0.8528143409639597;0.0061727708671242;0.0012379710096865892;0.8249298895243555;0.0001339409500360489;0.0034580992069095373;0.0007202408742159605;0.8610686440952122;
0.0004462120123207569;0.8632883459795266;0.005908954190090299;0.001215627882629633;0.8353716819547117;0.00011746701784431934;0.002836459083482623;0.0010800990276038647;0.8737919069826603;
0.0004156960640102625;0.8649054090492427;0.005920666037127376;0.0012415458913892508;0.8366493224166334;0.00014968006871640682;0.003730983007699251;0.0007454499136656523;0.8738465930800885;
0.00043761497363448143;0.8707392869982868;0.00604060385376215;0.0012484604958444834;0.842515780357644;0.00014269212260842323;0.004027996910735965;0.001599499024450779;0.8823773991316557;
0.00032903021201491356;0.8645521937869489;0.0063978328835219145;0.0012280745431780815;0.8357396763749421;0.0001224018633365631;0.0029762908816337585;0.0011150238569825888;0.8740949511993676;
0.0003348130267113447;0.8646957920864224;0.006540089845657349;0.0012432157527655363;0.836486988235265;0.00010181288234889507;0.0018724920228123665;0.000809607794508338;0.8720552120357752;
0.0004156520590186119;0.8619241639971733;0.006348120979964733;0.001231699949130416;0.8338005936238915;0.00013903598301112652;0.0027699200436472893;0.0017175700049847364;0.8735195531044155;
0.00044731213711202145;0.8947227029129863;0.006367953959852457;0.0012615546584129333;0.8660748635884374;0.00013008411042392254;0.0032952269539237022;0.002482015872374177;0.9090034100227058;
0.00038126809522509575;0.8826767590362579;0.006562841823324561;0.0012724394910037518;0.853181628510356;0.0001959910150617361;0.006390900816768408;0.0034650301095098257;0.9058104890864342;
0.00032696197740733624;0.8610907308757305;0.006464850855991244;0.0012368999887257814;0.8327127378433943;0.00013803713954985142;0.0035868638660758734;0.001530761132016778;0.8730707459617406;
0.0003370849881321192;0.8616769050713629;0.006718385964632034;0.0012084506452083588;0.8329134348314255;0.00010361382737755775;0.0019397309515625238;0.0013054711744189262;0.8704863281454891;
0.00032954500056803226;0.8669682960025966;0.00660034385509789;0.0012365344446152449;0.8382350490428507;0.00013524899259209633;0.003499785903841257;0.0019942549988627434;0.8793899200391024;
0.00039961584843695164;0.8580015280749649;0.0058371450286358595;0.0012277583591639996;0.8304700201842934;0.00014043902046978474;0.003983067814260721;0.0023479238152503967;0.8725342398975044;
0.0005170980002731085;0.8732147021219134;0.00634206086397171;0.0012296277564018965;0.844886994222179;0.0001336098648607731;0.0034804989118129015;0.00134822609834373;0.884275867138058;
0.00043994211591780186;0.8928446229547262;0.006119617028161883;0.0012586095836013556;0.8643303657881916;9.858515113592148e-05;0.0019081810023635626;0.0012450311332941055;0.9018514610361308;
0.00037228805013000965;0.8781420069281012;0.006644282024353743;0.0012738436926156282;0.8490694717038423;0.00014152494259178638;0.0036281151697039604;0.001344241201877594;0.8893840010277927;
0.00043820799328386784;0.8676188648678362;0.006147239124402404;0.0012453158851712942;0.8393756011500955;0.00010550091974437237;0.002114871982485056;0.0013979901559650898;0.8769367088098079;
0.00038553099147975445;0.8708096940536052;0.006278605200350285;0.001223372993990779;0.8425160993356258;0.00018691690638661385;0.006848274031654;0.003719787113368511;0.895488094072789;
0.000320113031193614;0.8650316051207483;0.006478877039626241;0.0012294524349272251;0.8363511164207011;0.00015188194811344147;0.004281583009287715;0.0013515378814190626;0.8773213420063257;
0.00034135207533836365;0.863709193887189;0.006490581203252077;0.0012609881814569235;0.835339882876724;0.00012739398516714573;0.0032272120006382465;0.0018385059665888548;0.8751012359280139;
0.00033611105754971504;0.8645001039840281;0.006744442041963339;0.0012190754059702158;0.8356414590962231;0.0001023230142891407;0.0018530748784542084;0.0011806380935013294;0.8731696440372616;
0.0003307519946247339;0.8605356579646468;0.006542762974277139;0.0012272417079657316;0.8320228185039014;0.00012002396397292614;0.0027591281104832888;0.0016686380840837955;0.8716105949133635;
0.0003303028643131256;0.8796076870057732;0.006940314080566168;0.0012242202647030354;0.8503164811991155;0.00025604013353586197;0.009809852810576558;0.0028149739373475313;0.9058005108963698;
0.00032190699130296707;0.8673428250476718;0.006643886910751462;0.0012144106440246105;0.83863615244627;0.00013981899246573448;0.0036578262224793434;0.001784290187060833;0.880143498070538;
0.0003221370279788971;0.8581116141285747;0.006376686040312052;0.0012279984075576067;0.8298869060818106;0.00011366116814315319;0.0025999480858445168;0.0013436488807201385;0.8679761129897088;
0.00032265204936265945;0.8510776360053569;0.0063433239702135324;0.0012243539094924927;0.822432306362316;0.00015206006355583668;0.00363324792124331;0.0020434109028428793;0.8633370720781386;
0.0003405220340937376;0.8545409040525556;0.006550017977133393;0.0012409959454089403;0.825770417926833;0.00019508902914822102;0.006557101150974631;0.004131461028009653;0.8777793871704489;
0.0003408510237932205;0.8940754879731685;0.0064485089387744665;0.0012546153739094734;0.8657659848686308;9.782402776181698e-05;0.001884434837847948;0.0008072890341281891;0.8996708511840552;
0.00034285313449800014;0.8686155339237303;0.006454776972532272;0.0012235569301992655;0.8401832268573344;0.00011894502677023411;0.0028542769141495228;0.0016760011203587055;0.8805555049329996;
0.0004109360743314028;0.8667375450022519;0.011092548025771976;0.0012369584292173386;0.8336100461892784;0.00011779111810028553;0.0025362500455230474;0.0007721621077507734;0.8747862279415131;
0.00031606503762304783;0.870981615036726;0.006463228026404977;0.0012165659572929144;0.8421402901876718;9.756791405379772e-05;0.0017637109849601984;0.0006261009257286787;0.8755110639613122;
0.00033416319638490677;0.8637314499355853;0.0064536710269749165;0.0012261555530130863;0.8353942683897913;0.0001532949972897768;0.004197584930807352;0.0025453560519963503;0.8795116830151528;
0.0003334449138492346;0.8536472450941801;0.006376923061907291;0.001236806157976389;0.8253880746196955;0.00025992211885750294;0.009898775024339557;0.001343392999842763;0.8731432158965617;
0.0003241330850869417;0.8732302580028772;0.006773201050236821;0.001250212313607335;0.8444339856505394;0.00013070297427475452;0.003560461103916168;0.001820890000090003;0.8856395380571485;
0.0004099940415471792;0.8577068201266229;0.005821118131279945;0.0012129880487918854;0.8299910151399672;0.00012163911014795303;0.002754216082394123;0.0017716898582875729;0.8689963230863214;
0.0003345189616084099;0.8543716161511838;0.006294335937127471;0.0012216996401548386;0.8263439950533211;0.00025344500318169594;0.009645237820222974;0.004738528979942203;0.8860498571302742;
0.00047464994713664055;0.8547122529707849;0.006809293990954757;0.0012049637734889984;0.8259997917339206;0.00013174698688089848;0.003502482082694769;0.0017497970256954432;0.8675763180945069;
0.00034190015867352486;0.8749532969668508;0.006668039131909609;0.0012359132524579763;0.8458950014319271;0.0001193841453641653;0.0030506670009344816;0.0014868739526718855;0.8851138490717858;
0.00041357893496751785;0.8678994060028344;0.005911112064495683;0.001237282995134592;0.8397999464068562;0.00026750098913908005;0.009520570980384946;0.004962547915056348;0.8934954279102385;
0.00043684104457497597;0.8686684861313552;0.0059495719615370035;0.0012095123529434204;0.8408549786545336;0.00027358089573681355;0.009464299073442817;0.005463444162160158;0.90316301304847;
0.00042582512833178043;0.8644465829711407;0.006009391043335199;0.001253766706213355;0.8364259514492005;0.00013869092799723148;0.00352563988417387;0.0006467828061431646;0.8713992279954255;
0.00046140491031110287;0.8649558320175856;0.005991511978209019;0.0012160204350948334;0.8365266234613955;0.00018539605662226677;0.006133400835096836;0.0034877120051532984;0.8866014468949288;
0.0004544930998235941;0.8684647660702467;0.006273702951148152;0.001216422999277711;0.8401611647568643;0.00011945096775889397;0.0028597330674529076;0.0008695791475474834;0.8772219850216061;
0.0004180020187050104;0.8778242729604244;0.005931898020207882;0.0012147140223532915;0.8498530928045511;0.00014131679199635983;0.001900342060253024;0.0012647409457713366;0.8865117488894612;
0.00032776687294244766;0.8760355680715293;0.006449616048485041;0.0012371665798127651;0.8469911760184914;0.00010867416858673096;0.002143285935744643;0.0014203919563442469;0.8855176579672843;
0.00044873706065118313;0.8600869840011001;0.006848514080047607;0.0012242766097187996;0.8311772181186825;0.00019213487394154072;0.005749155068770051;0.0029722910840064287;0.8785593640059233;
0.0003208301495760679;0.864298292901367;0.0065636890940368176;0.0012130823452025652;0.835582273779437;0.00014053494669497013;0.00346927298232913;0.0017332700081169605;0.8767087140586227;
0.00033553503453731537;0.8689788549672812;0.0066918309312313795;0.0012124746572226286;0.8402402161154896;0.00013068807311356068;0.003243464045226574;0.0012780779507011175;0.879057401092723;
0.0003195269964635372;0.8865916170179844;0.006378216901794076;0.0012258021160960197;0.8580585333984345;0.00015393993817269802;0.004663886968046427;0.0013280150014907122;0.8986738210078329;
0.0003554760478436947;0.8759260408114642;0.007072319043800235;0.001221071695908904;0.8453571572899818;0.00010001217015087605;0.0018093159887939692;0.0011882579419761896;0.8848072888795286;
0.00034835701808333397;0.8647683779709041;0.00652870093472302;0.001204132568091154;0.8362854251172394;0.0002085440792143345;0.0054347889963537455;0.0015117630828171968;0.8781323959119618;
