Discovery and Parsing time;Parsing time;Ontology instantiation time;Triples numbers
0;0;151446
Initial execution;34.298319925088435
2.621293314965442;0.3781303388532251;0.07331837597303092;151527
2.953933062031865;0.1521734909620136;0.08199297590181231;151583
3.1641421890817583;0.053240422857925296;0.07313505909405649;151639
3.3546956619247794;0.05596635700203478;0.05254979804158211;151679
3.5640895990654826;0.059796632966026664;0.0627856848295778;151731
3.76442489400506;0.0500051979906857;0.06769717414863408;151786
3.95701802498661;0.0494637549854815;0.06181829795241356;151837
4.155973949935287;0.04717115219682455;0.06602313881739974;151893
4.364439290948212;0.05488293501548469;0.0733717440161854;151949
4.5565966800786555;0.05085132899694145;0.05946163088083267;151989
4.758689872920513;0.0519785990472883;0.0677672519814223;152040
4.981164253083989;0.07024233299307525;0.06846451107412577;152092
5.188261198112741;0.04702295106835663;0.07584225898608565;152148
5.3965845559723675;0.06218416406773031;0.06333441287279129;152204
5.6027678940445185;0.054553746012970805;0.0582337100058794;152245
5.804294300964102;0.05313183809630573;0.05832085199654102;152297
6.013451040023938;0.05733059486374259;0.06754954811185598;152348
6.1976902899332345;0.05239777802489698;0.051066286163404584;152389
6.4178345270920545;0.05484085297212005;0.07895963988266885;152430
6.6391254109330475;0.08710498083382845;0.048701370134949684;152470
6.857287047896534;0.07011348591186106;0.05952247907407582;152526
7.080620402935892;0.06030785688199103;0.0660996160004288;152582
7.3014157300349325;0.06245980295352638;0.07028749212622643;152633
7.5239326120354235;0.06058951513841748;0.07384844892658293;152689
7.739098730031401;0.05842164205387235;0.06400522193871439;152741
7.9526113690808415;0.05804182402789593;0.06454057805240154;152797
8.173810991924256;0.057712198002263904;0.07482004910707474;152853
8.409498040098697;0.07153960387222469;0.0765843850094825;152908
8.631647098110989;0.05840685684233904;0.06765216216444969;152964
8.836395584978163;0.049997696885839105;0.07056959299370646;153020
9.032324851956218;0.0483084712177515;0.06534189195372164;153079
9.215632361127064;0.04998247604817152;0.043274987023323774;153115
9.40307936212048;0.04731051414273679;0.05661840480752289;153156
9.589565850095823;0.04680497106164694;0.05394969996996224;153197
9.775454160990193;0.049527894938364625;0.05194889800623059;153238
9.98749628290534;0.06731984904035926;0.05852753412909806;153289
10.193971151020378;0.05412419606000185;0.0700997558888048;153341
10.410118246916682;0.058066974859684706;0.07408385304734111;153393
10.649052572902292;0.09355465299449861;0.06394091108813882;153448
10.858424026053399;0.05759491096250713;0.0692887690383941;153499
11.070097035961226;0.04851331189274788;0.07887952006421983;153551
11.251996935112402;0.049613538198173046;0.05089001799933612;153587
11.442362274043262;0.048818767070770264;0.05850660405121744;153628
11.665270074037835;0.05203198688104749;0.0849256010260433;153684
11.877665997948498;0.04704948794096708;0.08265592204406857;153740
12.070776822976768;0.047329475870355964;0.0555305490270257;153780
12.257223441032693;0.05071626603603363;0.053393648006021976;153820
12.453073865035549;0.04690324096009135;0.06378812901675701;153876
12.638524001929909;0.04917572997510433;0.05250869900919497;153912
12.836247917963192;0.04674356710165739;0.06957660079933703;153964
13.045505932997912;0.045732669066637754;0.07456111791543663;154020
13.248054034076631;0.045642531011253595;0.07409397419542074;154076
13.445668167900294;0.04521150793880224;0.06672655115835369;154132
13.625679597025737;0.04426586604677141;0.05027493298985064;154169
13.829159650020301;0.04801512113772333;0.07086012186482549;154228
14.01999278808944;0.05208241892978549;0.05563667300157249;154273
14.200197145109996;0.04353135102428496;0.05038121808320284;154314
14.383870230056345;0.04929710691794753;0.05093766492791474;154355
14.585949871921912;0.04382358305156231;0.07300046691671014;154411
14.779609479941428;0.04418314713984728;0.06755368295125663;154462
14.964295259909704;0.05191784701310098;0.04854420991614461;154502
15.145884481957182;0.04310258198529482;0.05583978304639459;154546
15.338952627032995;0.046309506986290216;0.061861457070335746;154601
15.510098828934133;0.0418564579449594;0.045044229133054614;154637
15.713350332109258;0.04925251007080078;0.07318106200546026;154693
15.922712076921016;0.04684238601475954;0.07102917693555355;154748
16.129054317018017;0.06443800497800112;0.05399362416937947;154784
16.331334441900253;0.059808973921462893;0.04992223996669054;154821
16.544012614060193;0.064080965006724;0.05186934396624565;154861
16.751583272125572;0.06020128587260842;0.0567152202129364;154902
16.935315546113998;0.040749191073700786;0.05089172604493797;154938
17.121534048113972;0.04054244700819254;0.06261746096424758;154990
17.30223173298873;0.04375912994146347;0.05177846807055175;155027
17.491442427039146;0.039544309955090284;0.06543461908586323;155082
17.66606933204457;0.03957539610564709;0.04947919002734125;155123
17.85213874699548;0.052269262028858066;0.0519021840300411;155164
18.044190980959684;0.060079127084463835;0.048912984086200595;155201
18.260761259123683;0.04412815300747752;0.07632184587419033;155256
18.441996708046645;0.04772079503163695;0.04906227998435497;155297
18.663643955951557;0.08105165185406804;0.053588376147672534;155334
18.854092745110393;0.04627638193778694;0.053694136906415224;155374
19.04748898395337;0.05161749594844878;0.05510029406286776;155418
19.23815683508292;0.044072845950722694;0.05821025208570063;155458
19.428197750123218;0.05487341620028019;0.04535789485089481;155495
19.602690001949668;0.041714653838425875;0.04669216810725629;155531
19.783912395127118;0.045456487918272614;0.050426854053512216;155572
19.967044624034315;0.044704629108309746;0.04870761395432055;155609
20.14851862890646;0.04721937421709299;0.04846184398047626;155649
20.32631332310848;0.04222419811412692;0.051442316034808755;155689
20.497113009914756;0.04116040514782071;0.0444453910458833;155725
20.69662218610756;0.044565408024936914;0.06341508403420448;155777
20.874626986915246;0.04570818901993334;0.049298059893772006;155818
21.04846624098718;0.04019632004201412;0.05178893287666142;155863
21.235899452120066;0.040266860043630004;0.06549171195365489;155918
21.42884515901096;0.040566351963207126;0.06514751189388335;155958
21.62709182803519;0.04246209911070764;0.05931576783768833;155995
21.821292554028332;0.04170001018792391;0.06817100080661476;156050
22.004032803000882;0.046374580124393106;0.05185416806489229;156091
22.202535894932225;0.04144642595201731;0.0671205420512706;156143
22.377224852098152;0.04148654802702367;0.05012376303784549;156184
22.56085256789811;0.04649724392220378;0.0514373411424458;156224
22.753175657009706;0.04347648215480149;0.06617305590771139;156276
22.928869786905125;0.040717857889831066;0.052613741951063275;156316
23.115697513101622;0.04106330708600581;0.0575698169413954;156356
23.290108494926244;0.041532169096171856;0.05029143602587283;156393
23.465429502073675;0.044789861189201474;0.048991935793310404;156430
23.6415132060647;0.044487298000603914;0.05037499382160604;156471
23.81302261003293;0.041384111158549786;0.04807329992763698;156508
23.988064828095958;0.04178756312467158;0.046793716959655285;156549
24.18185442709364;0.04580930410884321;0.06542603089474142;156604
24.36689035408199;0.04243765398859978;0.05540430103428662;156644
24.560443934053183;0.04085217299871147;0.06990613508969545;156696
24.774607446976006;0.07480657007545233;0.055406845873221755;156737
24.972689033020288;0.04446898680180311;0.06714216712862253;156793
25.148643316933885;0.04126510093919933;0.04900177498348057;156830
25.332439647056162;0.04752213298343122;0.04912501201033592;156871
25.510219007031992;0.04233952681533992;0.05105247301980853;156907
25.68747303611599;0.040997016010805964;0.04994164616800845;156948
25.894067686982453;0.041095652151852846;0.0807763000484556;157003
26.093093655072153;0.04260418098419905;0.06945296912454069;157055
26.273024128982797;0.040780737064778805;0.05124660488218069;157092
26.456275410950184;0.041797796031460166;0.055372100090608;157132
26.652014632942155;0.04071090300567448;0.05604266212321818;157172
26.83478259993717;0.04262187913991511;0.05278385407291353;157212
27.03012995305471;0.04262286005541682;0.069263671990484;157264
27.21154012810439;0.040436425944790244;0.053789780009537935;157305
27.39318463811651;0.04506295290775597;0.05422325502149761;157342
27.572673394111916;0.041011786786839366;0.05346985999494791;157382
27.75184260890819;0.041107478085905313;0.051682303892448545;157423
27.927295902045444;0.03947787103243172;0.0487528070807457;157463
28.10688754892908;0.040136188035830855;0.04971554386429489;157499
28.308389639947563;0.048531098989769816;0.06977053196169436;157550
28.494882642058656;0.05019410792738199;0.044344100169837475;157587
28.68436955101788;0.047147038858383894;0.05491273803636432;157628
28.854524361900985;0.04030012898147106;0.04756944114342332;157668
29.07640819111839;0.08527591195888817;0.048835392110049725;157712
29.25257433601655;0.041701622074469924;0.04644813993945718;157752
29.4189348150976;0.03920989506877959;0.04394916188903153;157789
29.594212783966213;0.040766782127320766;0.04829794284887612;157830
29.775037067011;0.04718627384863794;0.04790295218117535;157870
29.965329468948767;0.039582028053700924;0.06568773300386965;157925
30.146228526020423;0.040858636144548655;0.05182290589436889;157965
30.323650162899867;0.04152600490488112;0.050774346105754375;158006
30.500112760113552;0.04037042707204819;0.05100263794884086;158047
30.677233105991036;0.04502667998895049;0.0501301740296185;158088
30.84839851502329;0.040896932827308774;0.04568634717725217;158125
31.023271297104657;0.043011124012991786;0.047959128161892295;158165
31.201856048079208;0.04041330888867378;0.048912653932347894;158206
31.37812229897827;0.041453412966802716;0.05203904095105827;158246
31.562660906929523;0.040935084922239184;0.06021345313638449;158286
31.757295289076865;0.04307477781549096;0.06554760900326073;158342
31.940397795988247;0.04037525481544435;0.05028617917560041;158379
32.1203564919997;0.04128575208596885;0.053514142986387014;158419
32.295024493010715;0.04100288194604218;0.046731913927942514;158460
32.47298730490729;0.04378148098476231;0.04926336603239179;158496
32.65266305790283;0.04125080397352576;0.05336796818301082;158536
32.824539344990626;0.0401163250207901;0.04670118703506887;158573
33.002475107088685;0.04372615902684629;0.050366433802992105;158614
33.176040183985606;0.0406910649035126;0.047368657076731324;158651
33.369491243967786;0.04100904008373618;0.06388288899324834;158707
33.56927892006934;0.04260549391619861;0.050567332888022065;158748
33.76472342410125;0.04513986501842737;0.06715463194996119;158803
33.94856697204523;0.039742776192724705;0.05599246686324477;158839
34.12569641810842;0.04146575415506959;0.05049938289448619;158880
34.314936333103105;0.040704086888581514;0.0638018709141761;158936
34.509028976084664;0.04054871597327292;0.0679603680036962;158992
34.68758535804227;0.04072402697056532;0.05173664912581444;159032
34.88044545589946;0.05000015813857317;0.059794296976178885;159068
35.06270186509937;0.04391982592642307;0.056729429168626666;159108
35.248406373895705;0.04115880117751658;0.05983763583935797;159145
35.42195580992848;0.03854505415074527;0.05153594585135579;159186
35.60342669300735;0.03897725907154381;0.05893449694849551;159222
35.77627886692062;0.04386442294344306;0.04672739305533469;159262
35.960144859040156;0.039289255859330297;0.06073023402132094;159302
36.147700631059706;0.04154928005300462;0.057522800052538514;159343
36.34953565290198;0.04090050095692277;0.07726972294040024;159394
36.537094708997756;0.0409699019510299;0.05986997997388244;159430
36.714496850036085;0.04006304289214313;0.052778117125853896;159467
36.92320289090276;0.044216356007382274;0.0818827289622277;159507
37.122880574082956;0.046338584972545505;0.06583517394028604;159547
37.30756710795686;0.040456115966662765;0.0610362549778074;159588
37.48695667111315;0.04372992506250739;0.046576306922361255;159625
37.66721586091444;0.045986624201759696;0.04885252797976136;159662
37.84328929008916;0.04040615097619593;0.04663967387750745;159699
38.014914413914084;0.03991042100824416;0.04932749806903303;159740
38.20976282097399;0.040751179214566946;0.06079048081301153;159781
38.3844228789676;0.04018111410550773;0.05013659689575434;159821
38.5623489250429;0.04033463494852185;0.0509706421289593;159861
38.73474285192788;0.039587457897141576;0.0500792961101979;159905
38.9024071409367;0.03935064608231187;0.04331304179504514;159941
39.08186757192016;0.04191966098733246;0.053137253038585186;159982
39.256979627069086;0.039108014199882746;0.050461662001907825;160018
39.468285240931436;0.03946119104512036;0.04473896115086973;160055
39.64820960094221;0.04495582706294954;0.048173673916608095;160095
39.82929945597425;0.04156125616282225;0.056286780862137675;160136
40.02804986690171;0.05606727208942175;0.05100474087521434;160177
40.21109341806732;0.04660237394273281;0.04632861213758588;160217
40.382873425027356;0.04052941198460758;0.045925673097372055;160257
40.56084042903967;0.04514088202267885;0.04795433394610882;160298
40.74235979397781;0.04042991390451789;0.058098200941458344;160334
40.94634697190486;0.040196343790739775;0.07866339199244976;160393
41.1329147410579;0.04279178800061345;0.05620078695937991;160433
41.314871235983446;0.040850756922736764;0.055701738921925426;160474
41.517256716033444;0.04038154589943588;0.07806653808802366;160525
41.700832694070414;0.04186855908483267;0.04716666508466005;160562
41.890950710047036;0.04084643488749862;0.06516948319040239;160603
42.09365193801932;0.04256192990578711;0.06043837405741215;160640
42.280855789082125;0.041660847840830684;0.05819939309731126;160680
42.46055997698568;0.0425849249586463;0.05179354711435735;160717
42.649488806026056;0.04206539201550186;0.050984357949346304;160757
42.82927192701027;0.040912368800491095;0.049769523087888956;160797
43.01543506793678;0.04471719404682517;0.051909244852140546;160837
43.206897442927584;0.04479333711788058;0.05912099895067513;160877
43.40762175293639;0.042437304044142365;0.07160997297614813;160933
43.58813909511082;0.04059532890096307;0.05006885505281389;160970
43.76476610591635;0.04288202407769859;0.046957714948803186;161011
43.943125190911815;0.04231007909402251;0.05205053184181452;161051
44.128550773952156;0.040934809017926455;0.058656460139900446;161102
44.31065090605989;0.039574594935402274;0.053063000086694956;161143
44.48311567096971;0.039269963977858424;0.04516361909918487;161179
44.66056345892139;0.03955699107609689;0.05393321183510125;161220
44.841808053897694;0.04113578679971397;0.04987619211897254;161260
45.019067753106356;0.04086379986256361;0.05227627605199814;161300
45.23730392102152;0.07829382014460862;0.056992742931470275;161341
45.42684025107883;0.050586696015670896;0.05175698292441666;161381
45.62035540211946;0.040441637160256505;0.0691485998686403;161422
45.815612270031124;0.0458637741394341;0.057152379071339965;161462
46.03324519004673;0.07440070598386228;0.05866036284714937;161506
46.21980015095323;0.05122729390859604;0.04832127899862826;161542
46.40591942798346;0.048315769992768764;0.052718035876750946;161583
46.594249876914546;0.047788303112611175;0.05550449597649276;161620
46.79979292396456;0.04979452397674322;0.059022416127845645;161661
46.99849285790697;0.046858086017891765;0.06569484295323491;161698
47.19096544198692;0.04841537610627711;0.052284188102930784;161738
47.37434873194434;0.04716041893698275;0.04797263699583709;161779
47.56271475297399;0.051137397065758705;0.05101173394359648;161816
47.74512201407924;0.04815222695469856;0.045907715102657676;161852
47.94714205991477;0.05438683298416436;0.0540692990180105;161893
48.1295719021;0.04830416082404554;0.049067266983911395;161930
48.3214175819885;0.049138101981952786;0.05545697617344558;161971
48.50044784205966;0.04627857985906303;0.047486756928265095;162008
48.68533338000998;0.04516627290286124;0.053215923020616174;162048
48.86876145307906;0.044953669887036085;0.05353484395891428;162084
49.057375834090635;0.04770478396676481;0.05282098590396345;162125
49.23989029508084;0.04769431799650192;0.04817622993141413;162161
49.42552196606994;0.046002004062756896;0.04616771801374853;162202
49.608123678015545;0.05014390591531992;0.049528279108926654;162238
49.79637587093748;0.05412746500223875;0.04521299293264747;162274
49.973121769027784;0.047319754026830196;0.0432612020522356;162310
50.1535254989285;0.047051582019776106;0.0491708021145314;162350
50.338533089030534;0.05009545409120619;0.04817667789757252;162390
50.54210365796462;0.047326029976829886;0.07224286790005863;162427
50.72315345192328;0.047065056161955;0.04702215385623276;162464
50.91066461708397;0.04575919406488538;0.0552990990690887;162505
51.09737142501399;0.044736596988514066;0.05753918411210179;162545
51.27871104911901;0.044884348986670375;0.04857115214690566;162585
51.46840407908894;0.04656701092608273;0.055073099909350276;162626
51.666959770955145;0.06111925118602812;0.046367987990379333;162667
51.845813329098746;0.046232146909460425;0.04984477208927274;162703
52.02649121102877;0.045380563009530306;0.04734891117550433;162744
52.213742898078635;0.04662175104022026;0.050205572973936796;162784
52.39738029311411;0.04710493003949523;0.05121217202395201;162825
52.57505030790344;0.04700814397074282;0.04537551291286945;162862
52.77025822503492;0.047964663011953235;0.0607886069919914;162918
52.95926270005293;0.04746695305220783;0.05669131898321211;162958
53.14897632296197;0.04551359498873353;0.05544607201591134;162995
53.34611859195866;0.05341709195636213;0.056432785000652075;163031
53.52834206609987;0.046773494919762015;0.05155461514368653;163072
53.73899199604057;0.07441037287935615;0.049759397050365806;163109
53.9376803371124;0.04883664008229971;0.05909155588597059;163150
54.128717083949596;0.04850136092863977;0.053578688064590096;163187
54.31415803008713;0.04774263012222946;0.05157801182940602;163228
54.49661277909763;0.046861502109095454;0.04973610187880695;163268
54.688029976096004;0.04611482308246195;0.04687741002999246;163305
54.89014999195933;0.04675090196542442;0.06964297406375408;163360
55.075572391971946;0.04599935607984662;0.0483886799775064;163401
55.25549671705812;0.04558826703578234;0.04739387100562453;163442
55.44368100306019;0.0540795938577503;0.04817704809829593;163482
55.63591710012406;0.049608038971200585;0.052539662923663855;163523
55.82302402704954;0.04882675502449274;0.047093675006181;163560
56.04018467501737;0.05229381308890879;0.07291244505904615;163616
56.25451166694984;0.06523557705804706;0.05439027678221464;163653
56.48240216402337;0.06006684107705951;0.07105949195101857;163704
56.6780910580419;0.05442074895836413;0.05147968605160713;163741
56.86855443404056;0.051610907074064016;0.04831242887303233;163777
57.06127756508067;0.05265316693112254;0.04973000520840287;163813
57.24694676394574;0.04410105780698359;0.04578361613675952;163850
57.433703182963654;0.04614141094498336;0.05390544212423265;163887
57.61438338691369;0.04268096713349223;0.04927133093588054;163931
57.79420505207963;0.04227341711521149;0.04954002588056028;163972
57.97473137197085;0.04677474498748779;0.04605744709260762;164012
58.16843767394312;0.05572029389441013;0.052244750084355474;164053
58.3588927150704;0.04298984399065375;0.05348330712877214;164089
58.53703888808377;0.04256130591966212;0.051432942040264606;164129
58.72531936201267;0.046971581876277924;0.05230247415602207;164170
58.90179961104877;0.04182615294121206;0.049838186940178275;164211
59.080700780963525;0.04343643505126238;0.05105849704705179;164247
59.26918342197314;0.04611673206090927;0.051309376023709774;164283
59.45173878897913;0.0435819688718766;0.05102047300897539;164319
59.63986925012432;0.04196586785838008;0.05017683794721961;164359
59.81281313998625;0.04068558197468519;0.0477770681027323;164396
59.993234185967594;0.04452204913832247;0.051853028824552894;164433
60.18212200491689;0.04506942816078663;0.05434727785177529;164473
60.36089521506801;0.043035038048401475;0.050208983942866325;164509
60.55435870401561;0.05084467004053295;0.04804336512461305;164550
60.74598570098169;0.05699583515524864;0.04953907895833254;164587
60.93054620991461;0.04349903995171189;0.053145789075642824;164624
61.12768608191982;0.04913512896746397;0.05535153090022504;164661
61.33256588992663;0.06299653905443847;0.05339867784641683;164701
61.52459709090181;0.048459343845024705;0.04986017104238272;164742
61.710049825022;0.045669425977393985;0.04765685205347836;164782
61.8933666520752;0.04287605592980981;0.05385414301417768;164823
62.08659318299033;0.05345435789786279;0.049256849102675915;164859
62.28214038303122;0.050434910925105214;0.05434903199784458;164904
62.478340432047844;0.05017924401909113;0.05023323302157223;164944
62.6710709000472;0.05433820886537433;0.05175170814618468;164984
62.85615741298534;0.044999718898907304;0.053262601140886545;165024
63.05929105402902;0.0445410730317235;0.05094650690443814;165060
63.24711352610029;0.04446541401557624;0.05813997099176049;165105
63.446423433953896;0.04374734195880592;0.0624842441175133;165145
63.63985216408037;0.04709176206961274;0.058898054994642735;165185
63.82282935408875;0.048449598951265216;0.04655195912346244;165221
64.00848167389631;0.048932029167190194;0.04948958777822554;165262
64.20090367295779;0.0486492479685694;0.05692492285743356;165302
64.40091320802458;0.05208741081878543;0.058338025119155645;165338
64.60604778211564;0.06333827902562916;0.05282758385874331;165378
64.81233326089568;0.04260614397935569;0.06060859397985041;165418
64.99187099491246;0.04259480000473559;0.049754254054278135;165455
65.18168937903829;0.04861957812681794;0.05218411795794964;165496
65.36512220301665;0.04973607789725065;0.044367969036102295;165533
65.54900676407851;0.042589743854478;0.052605547942221165;165569
65.72873567696661;0.04262617905624211;0.04870628588832915;165609
65.91064954106696;0.04275313811376691;0.05375771387480199;165645
66.12139326008037;0.06670758291147649;0.05245119403116405;165682
66.35092073096894;0.08913698489777744;0.04859286709688604;165719
66.55689214309677;0.058691385900601745;0.056142913177609444;165760
66.7437575450167;0.04472548305056989;0.052864693105220795;165800
66.9222655610647;0.04185719485394657;0.05185187701135874;165841
67.10853240499273;0.043337840121239424;0.05180055182427168;165881
67.28302056202665;0.041049088118597865;0.047636759001761675;165922
67.45982172200456;0.04120706208050251;0.046617249958217144;165958
67.64198511699215;0.045068782987073064;0.04737469693645835;165994
67.84517549094744;0.04437541589140892;0.07013265998102725;166035
68.02399662998505;0.04074549092911184;0.049143191892653704;166075
68.22018868010491;0.04251117608509958;0.06163055100478232;166119
68.40595260704868;0.042442088946700096;0.05424293107353151;166159
68.58819772698916;0.04467005003243685;0.05253984406590462;166199
68.76483140699565;0.040883112931624055;0.050114944111555815;166240
68.9481369620189;0.04462428390979767;0.051752302097156644;166284
69.13169192802161;0.04745485493913293;0.0499492259696126;166321
69.31373887998052;0.04009388689883053;0.052429198985919356;166361
69.5084339750465;0.06135031720623374;0.04722984996624291;166401
69.68936133710667;0.04396296595223248;0.04722231510095298;166441
69.86864602705464;0.04030051897279918;0.050940471002832055;166481
70.05160757992417;0.04153944691643119;0.04995360691100359;166522
70.22825292404741;0.04046911303885281;0.04934304300695658;166559
70.41466644103639;0.04155823704786599;0.04705140506848693;166600
70.59366099606268;0.04521683813072741;0.0463797349948436;166636
70.77288047410548;0.04026365396566689;0.05117064598016441;166673
70.95303392899223;0.04015529993921518;0.05370978405699134;166713
71.13522180891596;0.04017642396502197;0.051387893967330456;166754
71.3123079969082;0.040952783077955246;0.05005944101139903;166794
71.49051808891818;0.04165019909851253;0.050640278961509466;166834
71.68127870699391;0.04623471898958087;0.05101415584795177;166874
71.8595521019306;0.04141638497821987;0.05236313911154866;166911
72.03949120291509;0.04210227984003723;0.04900038009509444;166951
72.2256016889587;0.04279837105423212;0.05086437310092151;166991
72.40845121210441;0.042667292058467865;0.049018238903954625;167027
72.59359024604782;0.04571999306790531;0.05081495502963662;167067
72.76726999809034;0.040872686076909304;0.04592058481648564;167104
72.95099224592559;0.04255649400874972;0.05182365910150111;167144
73.14669010601938;0.042290410958230495;0.05918773589655757;167184
73.32284846692346;0.04072623606771231;0.049428161000832915;167220
73.49772428395227;0.04033195204101503;0.04612308298237622;167261
73.68158615194261;0.0451447619125247;0.04818326514214277;167298
73.86199912102893;0.040606647031381726;0.053827844792976975;167338
74.04095173208043;0.04184099892154336;0.04795125802047551;167374
74.22673651203513;0.043282248079776764;0.05094798281788826;167415
74.41116453590803;0.04423083504661918;0.05249517993070185;167455
74.60051031108014;0.044771432876586914;0.05647840513847768;167495
74.78171289199963;0.041343559976667166;0.05032112100161612;167536
74.96792391012423;0.04094070312567055;0.05792321008630097;167580
75.14648837107234;0.04021440912038088;0.04808333795517683;167620
75.32691996498033;0.041552129900082946;0.04868792719207704;167656
75.5060378969647;0.04192630294710398;0.04643570794723928;167692
75.68704513506964;0.04089523199945688;0.05472868890501559;167733
75.86588942189701;0.04095909488387406;0.050954730017110705;167773
76.04817729699425;0.04374019498936832;0.0517972270026803;167817
76.25831355294213;0.04238447709940374;0.052845238940790296;167853
76.64386816811748;0.042888584081083536;0.05183611693792045;167893
76.82879404095002;0.044761164812371135;0.05104763712733984;167929
77.01001996407285;0.04278027289547026;0.04828530899249017;167969
77.19224742194638;0.041022686986252666;0.049690417014062405;168006
77.37806583405472;0.04177740402519703;0.05526473489589989;168046
77.56287703104317;0.04249216103926301;0.05239753890782595;168087
77.74798005004413;0.047939379001036286;0.04700533393770456;168124
77.92349298298359;0.04114923905581236;0.04692701785825193;168161
78.11666476493701;0.04285444808192551;0.05841845297254622;168198
78.31014587101527;0.041123374132439494;0.05795929487794638;168239
78.49421826004982;0.04133050190284848;0.053326984168961644;168280
78.6780481080059;0.04140694485977292;0.05203062016516924;168324
78.88545533502474;0.06503465282730758;0.04800305003300309;168364
79.09214473492466;0.055124846985563636;0.053842443972826004;168404
79.31473285495304;0.057236238848418;0.054600127041339874;168444
79.50650226604193;0.053062655963003635;0.04635426215827465;168480
79.70859642396681;0.054527880158275366;0.050652480917051435;168517
79.89550062594935;0.044062922010198236;0.04826433188281953;168558
80.07354751694947;0.04131542891263962;0.04974807915277779;168595
80.25886863307096;0.041618002112954855;0.05139084788970649;168631
80.44262611307204;0.041534039890393615;0.051672316156327724;168671
80.63605564110912;0.04109289217740297;0.05670639802701771;168711
80.82005824800581;0.045094901928678155;0.049935551127418876;168747
81.0073381611146;0.04738420504145324;0.04905535280704498;168783
81.20415397011675;0.047222177032381296;0.059130742913112044;168823
81.38763211807236;0.04130802792496979;0.05127504002302885;168864
81.57214177306741;0.04008493898436427;0.05173699790611863;168904
81.75310241803527;0.04206347116269171;0.051646271953359246;168940
81.93403421901166;0.039886880898848176;0.053580550011247396;168981
82.11632338003255;0.04207512200810015;0.051394775044173;169018
82.30667421990074;0.04608035506680608;0.051081212935969234;169058
82.49120434303768;0.04293706687167287;0.052289626095443964;169099
82.68246089690365;0.04136149096302688;0.05698757106438279;169135
82.86646305490285;0.043399956775829196;0.053795850137248635;169175
83.05281647108495;0.04427798604592681;0.04567965888418257;169212
83.2362586890813;0.0395193169824779;0.05737517704255879;169248
83.41814007703215;0.04100137599743903;0.04948705201968551;169289
83.60130846896209;0.040560157969594;0.05386546510271728;169330
83.78441007505171;0.04002940212376416;0.05172128090634942;169370
83.97515171999112;0.052941510919481516;0.049229220021516085;169411
84.15990506997332;0.045924433041363955;0.050347412936389446;169452
84.34898672997952;0.0490582559723407;0.04914794699288905;169489
84.53705434408039;0.04657548596151173;0.050141772953793406;169525
84.72124211210757;0.046400740975514054;0.046585103031247854;169561
84.90220684511587;0.04117202619090676;0.04858567100018263;169602
85.0939175800886;0.04906878690235317;0.05149822402745485;169638
85.2829260120634;0.044814336113631725;0.05569684994406998;169675
85.46379450708628;0.04147419589571655;0.04781582299619913;169712
85.64431255310774;0.04068944719620049;0.04878475680015981;169753
85.82434075605124;0.04246657597832382;0.05039944197051227;169790
86.00406660092995;0.04028812609612942;0.05003360495902598;169831
86.18307708809152;0.0400283089838922;0.050408163107931614;169867
86.3660000290256;0.04205027804709971;0.05033614905551076;169908
86.55628765095025;0.04179068794474006;0.05501906294375658;169949
86.73413843312301;0.04033314692787826;0.04962641419842839;169986
86.92913633212447;0.04044311912730336;0.05921549489721656;170026
87.15431750495918;0.07663537305779755;0.05250743497163057;170066
87.33869168511592;0.04525618883781135;0.050806059036403894;170106
87.52212116797455;0.04174930392764509;0.05284965015016496;170147
87.72038871608675;0.04010444297455251;0.06998271495103836;170203
87.90873301005922;0.04872690397314727;0.05160186602734029;170240
88.09278611605987;0.04101557889953256;0.04978834907524288;170276
88.28239204012789;0.0482228840701282;0.05326151195913553;170317
88.48917262395844;0.04456168203614652;0.06673840200528502;170354
88.66772178793326;0.04132730793207884;0.04941292107105255;170395
88.84916196204722;0.04135719989426434;0.048313403967767954;170436
89.03309427690692;0.042120079044252634;0.05022213491611183;170472
89.21261863294058;0.041970895137637854;0.049118886003270745;170512
89.4005210949108;0.043438781052827835;0.049279693979769945;170552
89.5908333780244;0.04025166598148644;0.05530483089387417;170592
89.77292255405337;0.04118226398713887;0.05086790700443089;170632
89.95888464502059;0.04439642606303096;0.05394185706973076;170673
90.15077602909878;0.042881006840616465;0.05824073520489037;170714
90.33101767394692;0.041538608027622104;0.05039439210668206;170755
90.5095660299994;0.042930781142786145;0.04680859483778477;170795
90.69388194801286;0.04242560197599232;0.05337350908666849;170836
90.87348817009479;0.04120617499575019;0.04658814403228462;170873
91.05502206389792;0.04073886899277568;0.05323664704337716;170914
91.23829730111174;0.04019561200402677;0.0484315799549222;170955
91.42147046211176;0.04349632281810045;0.050118922954425216;170996
91.60983222792856;0.04091114387847483;0.05242885695770383;171036
91.79674839111976;0.04212146298959851;0.05520995380356908;171077
91.98355519212782;0.04260861501097679;0.05119601986370981;171117
92.167844559066;0.042111180955544114;0.05349796009249985;171158
92.35020421398804;0.043155038030818105;0.05124466493725777;171198
92.5451881159097;0.05049369600601494;0.053809814155101776;171235
92.72920448402874;0.040051399962976575;0.05172742693684995;171275
92.91439491207711;0.040153875946998596;0.05274438695050776;171316
93.0989292319864;0.04174066195264459;0.0485682669095695;171353
93.28521933406591;0.044279746944084764;0.05199109995737672;171393
93.47139389789663;0.04573306581005454;0.04923244705423713;171430
93.66392831411213;0.05198084213770926;0.048503177938982844;171467
93.84124268800952;0.04056323901750147;0.04983606212772429;171504
94.02680011512712;0.04349756985902786;0.050628220196813345;171545
94.22379224211909;0.05434283893555403;0.051988698076456785;171586
94.41489191306755;0.04314002604223788;0.05309623386710882;171626
94.59451495390385;0.04183907387778163;0.04741550795733929;171662
94.79348379606381;0.054075456922873855;0.05192099092528224;171702
94.97803746093996;0.04125008499249816;0.04964348487555981;171742
95.15947671304457;0.04149499791674316;0.04725213907659054;171782
95.34206866612658;0.041865980019792914;0.05079234391450882;171822
95.53531491407193;0.05326844402588904;0.04768635192885995;171858
95.72420019307174;0.049576947931200266;0.04526688507758081;171895
95.92193939210847;0.05400485801510513;0.0497746157925576;171936
96.1193100430537;0.053876208141446114;0.046025835908949375;171972
96.33640458690934;0.05906019196845591;0.06233116309158504;172012
96.5308207210619;0.048661628970876336;0.050714456010609865;172052
96.71394156594761;0.0419343130197376;0.04523353395052254;172089
96.8998754110653;0.04248739895410836;0.0502057250123471;172130
97.09164960705675;0.04036721005104482;0.050086493138223886;172171
97.26844644290395;0.04079105006530881;0.04833522392436862;172207
97.4513433529064;0.04153135302476585;0.05125858401879668;172248
97.63827779795974;0.04631160688586533;0.048208639957010746;172284
97.819670350058;0.04079622495919466;0.04499869700521231;172320
98.0080679890234;0.04655780200846493;0.050449461909011006;172357
98.21386004192755;0.0480790741275996;0.049224403919652104;172393
98.40314325201325;0.048100973945111036;0.045709287049248815;172429
98.59154306794517;0.04293607803992927;0.04767973395064473;172465
98.77278680005111;0.04174892697483301;0.04848497407510877;172501
98.95680020400323;0.04659431683830917;0.04903094097971916;172541
99.14679281390272;0.05027961311861873;0.04867325001396239;172581
99.32862758100964;0.041479048086330295;0.04827681789174676;172618
99.51121517806314;0.04154402599669993;0.051119256066158414;172659
99.70094322995283;0.0449683559127152;0.05129828304052353;172700
99.88830645103008;0.04368841904215515;0.05396708589978516;172741
100.07111511006951;0.0431586978957057;0.04831729200668633;172782
100.2555070379749;0.04057357809506357;0.05443306500092149;172823
100.45417691208422;0.05405946006067097;0.05015422799624503;172860
100.65633865492418;0.04878660594113171;0.056001196848228574;172901
100.85300695500337;0.056073718005791306;0.04446563287638128;172938
101.06200569798239;0.05405355803668499;0.06047022598795593;172975
101.24763487302698;0.040988744935020804;0.04805917013436556;173011
101.43512822804041;0.03949827793985605;0.05897800391539931;173052
101.62302648695186;0.04235851997509599;0.04895518603734672;173088
101.80862774699926;0.043374218977987766;0.05379035696387291;173129
101.988182292087;0.0405862620100379;0.04797894600778818;173169
102.16820925590582;0.04132866486907005;0.050191549118608236;173210
102.35312617593445;0.0441438821144402;0.04902961989864707;173250
102.53414894803427;0.041771637042984366;0.04926850995980203;173286
102.71733914408833;0.04094792692922056;0.050259175011888146;173327
102.90775707201101;0.041612244909629226;0.055645289132371545;173368
103.10096327099018;0.04159765504300594;0.05732181295752525;173408
103.28434746293351;0.040930469054728746;0.05062748584896326;173449
103.47001241706312;0.042436345014721155;0.05479760514572263;173489
103.66817056993023;0.059634442906826735;0.047273950884118676;173530
103.8594908840023;0.04393507610075176;0.055512540973722935;173571
104.05346080311574;0.052477583987638354;0.046874298015609384;173607
104.23844566405751;0.04194960813038051;0.05098593793809414;173648
104.452918543946;0.058832362992689013;0.056571273133158684;173689
104.6440743189305;0.04658101103268564;0.05205519706942141;173729
104.8285010959953;0.04078647796995938;0.050655651139095426;173769
105.01697427290492;0.04202175699174404;0.05530908005312085;173810
105.20104255899787;0.04082849295809865;0.05404021800495684;173851
105.39712880691513;0.04201185307465494;0.04945313185453415;173891
105.58656689710915;0.04273312003351748;0.05277384305372834;173932
105.77278501703404;0.045205879025161266;0.048703365959227085;173968
105.95736701297574;0.04406859213486314;0.04752409388311207;174008
106.14066155604087;0.04284333600662649;0.048190179048106074;174044
106.32779278000817;0.041188678005710244;0.05439606704749167;174084
106.52454137406312;0.042348701041191816;0.05241237813606858;174124
106.71915855398402;0.04495446919463575;0.05799096496775746;174161
106.92053786991164;0.05180093506351113;0.05526252998970449;174201
107.10806751810014;0.04151698388159275;0.05534092313610017;174241
107.29977207700722;0.041412452002987266;0.05345108895562589;174282
107.47989127994515;0.04184309113770723;0.0478879869915545;174319
107.67176262591965;0.04665910801850259;0.05258493288420141;174355
107.86165483598597;0.04145376291126013;0.053926361026242375;174396
108.05438106996007;0.04825091012753546;0.052007604856044054;174437
108.2553045230452;0.059722998877987266;0.04744343413040042;174473
108.43931780406274;0.043906389037147164;0.04804930696263909;174510
108.62818144098856;0.043031335109844804;0.051538881845772266;174547
108.81532783410512;0.04252844909206033;0.05371136497706175;174588
109.02733353991061;0.05055298493243754;0.07280757906846702;174629
109.22449752292596;0.04192663310095668;0.06420109793543816;174669
109.41141530591995;0.04465675703249872;0.051155060064047575;174709
109.60068331705406;0.04301192006096244;0.04993270500563085;174749
109.79070581309497;0.04544931394048035;0.052398764062672853;174790
109.97163429809734;0.0419415591750294;0.04551730095408857;174827
110.15246617491357;0.04233410581946373;0.048099182080477476;174868
110.33784834598191;0.0475243991240859;0.04496323503553867;174905
110.52274412894621;0.0429894900880754;0.05091124610044062;174946
110.70771660190076;0.04189803800545633;0.05139350611716509;174987
110.89022530196235;0.041835003066807985;0.04937217780388892;175027
111.06696374691091;0.0415200621355325;0.04613866889849305;175064
111.25299689290114;0.04215883184224367;0.05069431499578059;175105
111.444866101956;0.045544245978817344;0.05341754900291562;175142
111.64149486995302;0.0417466489598155;0.06045735697261989;175186
111.83719515497796;0.04174959799274802;0.060973187908530235;175227
112.02268511010334;0.04108741204254329;0.05079794581979513;175267
112.20606603100896;0.042859640903770924;0.04866365506313741;175308
112.40488334093243;0.045381485018879175;0.06204241793602705;175348
112.59353526495397;0.041806381195783615;0.05824635177850723;175388
112.78286710591055;0.041326267877593637;0.054514414165169;175429
112.97215756610967;0.04103643982671201;0.05721692508086562;175470
113.17122971499339;0.041803632862865925;0.0650865740608424;175511
113.35875116009265;0.04181565693579614;0.05074869003146887;175551
113.54229155811481;0.041509461821988225;0.04857543017715216;175592
113.73243331490085;0.043238668935373425;0.054067393066361547;175633
113.93087421590462;0.05894064297899604;0.04828775394707918;175674
114.1246603128966;0.04158325702883303;0.05883592087775469;175715
114.30464556906372;0.041625858983024955;0.046190513065084815;175751
114.5030966240447;0.046661101980134845;0.05883588595315814;175791
114.68638323596679;0.04199846205301583;0.051278942031785846;175832
114.87343736807816;0.043789169983938336;0.05225086002610624;175873
115.05466537899338;0.04114286694675684;0.04599709599278867;175909
115.23629350494593;0.04007236612960696;0.05128104682080448;175946
115.42054061312228;0.04128537606447935;0.04958901391364634;175986
115.61289395508356;0.04419323499314487;0.054717741906642914;176027
115.80302044912241;0.042393842013552785;0.05712851695716381;176067
115.98394199507311;0.04047755687497556;0.04642682219855487;176104
116.16669472795911;0.04226729297079146;0.04646871704608202;176141
116.3470574580133;0.04304367583245039;0.047720990143716335;176177
116.53674925398082;0.04611330688931048;0.05227682110853493;176217
116.72245884593576;0.04093560413457453;0.05157667095772922;176257
116.90757469204254;0.04011440114118159;0.051260187989100814;176298
117.0889391740784;0.04092876682989299;0.05034448113292456;176343
117.27430573408492;0.04077540594153106;0.05386718292720616;176383
117.45730943698436;0.040860370034351945;0.048841278068721294;176424
117.64203411201015;0.04143801308237016;0.04837849992327392;176464
117.82855702703819;0.04197950195521116;0.04723500297404826;176500
118.01545980107039;0.043216865975409746;0.05082158208824694;176540
118.20400105509907;0.0423196239862591;0.05001373798586428;176584
118.38729404704645;0.04303209204226732;0.045635116985067725;176621
118.60574447899126;0.07645921711809933;0.049225355964154005;176661
118.79233733192086;0.044947163900360465;0.04881064500659704;176701
118.98518544598483;0.04494755691848695;0.05354924197308719;176741
119.18286119494587;0.05048509407788515;0.05088190198875964;176778
119.36530044698156;0.04408601578325033;0.044160834047943354;176814
119.54860063293017;0.04332085605710745;0.047808708157390356;176855
119.73292715311982;0.04108449583873153;0.04962703096680343;176896
119.92289803107269;0.042200634023174644;0.04843816300854087;176936
120.10268790810369;0.04324012901633978;0.044642820954322815;176972
120.29393782396801;0.043039610143750906;0.05353842186741531;177013
120.47892998205498;0.041309944819658995;0.050285808974877;177054
120.65829285094514;0.041169992880895734;0.04809160600416362;177095
120.86017244309187;0.043794780038297176;0.06476566405035555;177136
121.03758089104667;0.04121464700438082;0.04386561689898372;177172
121.23943725996651;0.04200238501653075;0.049711117055267096;177216
121.419208050007;0.04063621489331126;0.0468843060079962;177252
121.60880228690803;0.04140343307517469;0.0538152230437845;177293
121.79064626991749;0.04074947419576347;0.0482041728682816;177329
121.97283358010463;0.040704432874917984;0.049687416991218925;177366
122.1605950279627;0.04085981100797653;0.053849613992497325;177407
122.34108723397367;0.0424797679297626;0.04623629595153034;177443
122.52730937302113;0.04244722193107009;0.05010729795321822;177480
122.71695620007813;0.04109787102788687;0.053313101874664426;177521
122.91871710401028;0.04450788302347064;0.06375485192984343;177562
123.10238231392577;0.04154388094320893;0.04890226502902806;177603
123.29033801704645;0.045708440942689776;0.04933658614754677;177643
123.47173215495422;0.040842944057658315;0.0476549428422004;177684
123.67794633004814;0.04086009110324085;0.07329453900456429;177724
123.86293825297616;0.04090852802619338;0.049498315900564194;177765
124.05086294491775;0.04497379087843001;0.04841561894863844;177805
124.23761923611164;0.04251236794516444;0.05288796918466687;177842
124.42665448295884;0.04488504305481911;0.049553644843399525;177879
124.61017975094728;0.040925512090325356;0.04996400000527501;177915
124.79151986306533;0.04197354591451585;0.04706718004308641;177955
124.98871747404337;0.050349244149401784;0.05374373495578766;177992
125.17571177799255;0.04190351301804185;0.05397534999065101;178032
125.3652261479292;0.04099188488908112;0.05331393191590905;178072
125.54866963392124;0.04199453699402511;0.04719222988933325;178112
125.72865846590139;0.041012258967384696;0.04474897310137749;178149
125.91823286795989;0.04104034695774317;0.04972470598295331;178189
126.09891383489594;0.04194511193782091;0.04457473987713456;178225
126.28369965893216;0.04202372697182;0.04972522403113544;178265
126.4684066339396;0.04228235105983913;0.04888711986131966;178305
126.65552776004188;0.04194378410466015;0.050481553887948394;178345
126.84404586791061;0.04340003291144967;0.05256030801683664;178385
127.03251873608679;0.046246994053944945;0.04755456792190671;178422
127.21684677898884;0.04271073709242046;0.04854591307230294;178463
127.39866867894307;0.041594499023631215;0.04524269583635032;178499
127.58647691411898;0.041353615000844;0.05325022106990218;178539
127.77142089908011;0.041720397071912885;0.050313010811805725;178579
127.9701589550823;0.0422433961648494;0.05723464395850897;178615
128.15623161708936;0.0450599230825901;0.04707270581275225;178652
128.3368509619031;0.042364242020994425;0.04663064191117883;178688
128.5202471849043;0.0423938340973109;0.04739423096179962;178724
128.7017066651024;0.042236061999574304;0.045521571999415755;178760
128.89162449608557;0.04370261915028095;0.04712769202888012;178797
129.0711901949253;0.04343663388863206;0.042210932122543454;178834
129.25878376094624;0.045297598000615835;0.050901640905067325;178875
129.43931335303932;0.039962552953511477;0.0465673659928143;178911
129.6275814070832;0.04091015621088445;0.05413591000251472;178951
129.80667506391183;0.04155073803849518;0.046204664977267385;178987
129.99159828410484;0.04177306010387838;0.050605196971446276;179028
130.1757867410779;0.04209603904746473;0.049794968916103244;179064
130.3612349149771;0.042376100085675716;0.048281845869496465;179105
130.5462970319204;0.04257661500014365;0.048774675000458956;179146
130.7328250759747;0.04282100801356137;0.04874868900515139;179186
130.92586336797103;0.04140440188348293;0.05229873210191727;179226
131.11375649506226;0.04521703999489546;0.04687967291101813;179262
131.30112933903;0.04251243406906724;0.04939296003431082;179303
131.4905343069695;0.04202336096204817;0.05452679400332272;179343
131.6793997909408;0.04186054994352162;0.05036103003658354;179383
131.87030182010494;0.04152566893026233;0.05546794203110039;179423
132.06191780907102;0.04349378705956042;0.05539455194957554;179464
132.24564967304468;0.04043692420236766;0.049821835942566395;179505
132.43093365291134;0.04161635204218328;0.051217722008004785;179546
132.6198133151047;0.04179195291362703;0.05320768314413726;179587
132.80467277090065;0.0409570939373225;0.05006471904926002;179627
132.9947867630981;0.04107038304209709;0.05783607205376029;179668
133.195204928983;0.04327112017199397;0.06206960277631879;179708
133.37816147692502;0.041809953982010484;0.04692098591476679;179745
133.5668360379059;0.041352247120812535;0.05441881390288472;179785
133.7517073310446;0.040307845920324326;0.04885403299704194;179825
133.9648734331131;0.0685355958994478;0.049959195079281926;179861
134.16522432491183;0.054676658008247614;0.05421994999051094;179901
134.35477058799006;0.041396529879420996;0.05212568398565054;179942
134.54327792301774;0.04400952719151974;0.04564240179024637;179979
134.73416889994405;0.04136192495934665;0.05732662696391344;180019
134.92568591795862;0.04163539200089872;0.05488399602472782;180059
135.11550638102926;0.041494652861729264;0.0529336400795728;180100
135.306435595965;0.044195798924192786;0.05380193400196731;180137
135.4942175860051;0.04289660695940256;0.04976812098175287;180173
135.68458434403874;0.04340383713133633;0.050530348904430866;180210
135.8703283960931;0.041146730072796345;0.04949557897634804;180247
136.05897103110328;0.04200041899457574;0.053684354992583394;180287
136.2522134159226;0.04203951498493552;0.052903498988598585;180327
136.6434657908976;0.04082912509329617;0.056338680908083916;180367
136.83151084790006;0.043771162163466215;0.04884239681996405;180408
137.02406713110395;0.04405917413532734;0.046367512084543705;180445
137.21834061993286;0.04266426805406809;0.054639647947624326;180482
137.4103933570441;0.04129918781109154;0.054798209108412266;180523
137.59912128793076;0.04386454704217613;0.04690666380338371;180559
137.78503011004068;0.041532777016982436;0.05062679201364517;180599
137.9791739298962;0.042301278095692396;0.05920763500034809;180639
138.16667710710317;0.042877325089648366;0.049541899003088474;180675
138.3748636620585;0.04432424996048212;0.0694994309451431;180715
138.55946462997235;0.04134208895266056;0.05116731603629887;180755
138.74986321805045;0.04192282003350556;0.05234743608161807;180795
138.9462922140956;0.040814711013808846;0.05544261005707085;180835
139.14778192993253;0.05302772996947169;0.05008316901512444;180872
139.3490398740396;0.04330344288609922;0.05893314513377845;180908
139.53328383294865;0.04072396596893668;0.051410584012046456;180948
139.7640442159027;0.08679093793034554;0.04796092608012259;180985
139.95825230306946;0.04467903799377382;0.0579976390581578;181025
140.14982624491677;0.04160127299837768;0.05036118789575994;181065
140.3453914220445;0.04123844113200903;0.05172654986381531;181105
140.53468963992782;0.043337141163647175;0.05121483188122511;181145
140.72486536600627;0.042805357836186886;0.051057135220617056;181186
140.91586005710997;0.0438940089661628;0.05373136792331934;181223
141.10737948701717;0.04246187908574939;0.0510482310783118;181260
141.29331493889913;0.04118551593273878;0.05119434394873679;181300
141.48666220507585;0.04169847397133708;0.05195491807535291;181341
141.674674595939;0.04130263393744826;0.052331923972815275;181381
141.85904222005047;0.04165716702118516;0.0507300968747586;181417
142.06791406590492;0.04755937191657722;0.06464043003506958;181457
142.25865421793424;0.04269365384243429;0.0555120341014117;181493
142.44833751698025;0.043962043011561036;0.049394262954592705;181533
142.63575356500223;0.042784713907167315;0.05041984491981566;181574
142.82483630999923;0.042767487931996584;0.046536406967788935;181614
143.00899704010226;0.04103085212409496;0.050744862062856555;181654
143.18909348896705;0.04123773891478777;0.044279641937464476;181690
143.37220015190542;0.04385334602557123;0.04724217392504215;181726
143.55945955612697;0.04014026583172381;0.05241979216225445;181766
143.74323092307895;0.040043971966952085;0.05032411101274192;181807
143.92773969797418;0.04138443688862026;0.04945237608626485;181844
144.11789813893847;0.04531685682013631;0.04870075616054237;181881
144.30383350490592;0.043481833999976516;0.050090041011571884;181918
144.48978553898633;0.041651320876553655;0.047668905928730965;181958
144.67805138393305;0.04127285582944751;0.05564713105559349;181999
144.863038062118;0.040239761117845774;0.04913940792903304;182039
145.05824597994797;0.04351389198563993;0.057793677086010575;182080
145.26727013010532;0.0606671089772135;0.050160638988018036;182120
145.45652271504514;0.04124967893585563;0.048931759083643556;182160
145.64248994505033;0.041474428959190845;0.05157067789696157;182196
145.84702296205796;0.0433537729550153;0.06893472210504115;182236
146.06712066195905;0.07516556791961193;0.05087486212141812;182276
146.25434501189739;0.04373979987576604;0.052770332898944616;182317
146.45308912801556;0.04369895486161113;0.055213405983522534;182357
146.64465392101556;0.042702029924839735;0.05393812502734363;182397
146.83756099292077;0.04931470495648682;0.04618035303428769;182438
147.02375265304;0.0403775698505342;0.05062264413572848;182479
147.20775997499004;0.04323579580523074;0.043827789137139916;182515
147.3948090930935;0.04171473206952214;0.048573308857157826;182555
147.5778979489114;0.04015899798832834;0.049856085097417235;182591
147.76269629504532;0.041464454028755426;0.04795511392876506;182631
147.94585394393653;0.04044342297129333;0.05097578000277281;182672
148.13193737110123;0.0408211899921298;0.04930270719341934;182708
148.31885688495822;0.043110067024827003;0.05057286098599434;182745
148.5063530569896;0.04146288405172527;0.05085833789780736;182785
148.69288698397577;0.04436646495014429;0.04655511491000652;182822
148.87755879899487;0.0415079640224576;0.04995423601940274;182862
149.06095026410185;0.04113753605633974;0.04609763203188777;182902
149.2473520289641;0.03976180194877088;0.054554303875193;182943
149.43542827200145;0.03982577100396156;0.05318029597401619;182983
149.61699998704717;0.040355161065235734;0.04759546695277095;183023
149.80422316398472;0.04133098688907921;0.050372069934383035;183064
149.99987718393095;0.04046393604949117;0.060550522059202194;183104
150.18027739296667;0.040487071964889765;0.04763875715434551;183141
150.37295498792082;0.044288104167208076;0.052251319866627455;183182
150.55847887997515;0.041840992867946625;0.05220717121846974;183223
150.74392177490517;0.041845618980005383;0.04697448597289622;183264
150.9301023071166;0.04528557485900819;0.04763365909457207;183301
151.12842860398814;0.05284151015803218;0.05013953195884824;183342
151.32214412395842;0.04994071600958705;0.05021655489690602;183379
151.52375678904355;0.04242370487190783;0.06532846810296178;183419
151.71843659109436;0.0428757518529892;0.0547475169878453;183460
151.90979539905675;0.04299856093712151;0.05066992901265621;183497
152.09809324494563;0.042013786965981126;0.04791183094494045;183533
152.2883810000494;0.04573811194859445;0.05073991999961436;183573
152.47513326094486;0.044923467095941305;0.04605752998031676;183610
152.66345677594654;0.041484621120616794;0.05445475992746651;183650
152.84752484993078;0.040167860919609666;0.04880424006842077;183691
153.04813032294624;0.04416519985534251;0.06375422119162977;183728
153.23896571598016;0.04201350803487003;0.04832206107676029;183768
153.42261127312668;0.039875665912404656;0.050342909060418606;183805
153.60773331508972;0.03950555296614766;0.04845130699686706;183841
153.79914488596842;0.04242711514234543;0.05414257594384253;183882
153.99213923490606;0.04456622200086713;0.051076655043289065;183923
154.18893230194226;0.04384623817168176;0.05880446499213576;183963
154.39494045102037;0.04203823790885508;0.06251259101554751;183999
154.59467609995045;0.04938866989687085;0.05307023716159165;184039
154.78459705691785;0.04218754102475941;0.05249123997054994;184079
154.971941096941;0.04255138896405697;0.048139557940885425;184116
155.15857520489953;0.0416781990788877;0.05062596080824733;184156
155.3568595009856;0.04457474313676357;0.05223907600156963;184193
155.55972442799248;0.05176085093989968;0.05473084095865488;184233
155.74992391001433;0.041966147953644395;0.049893179908394814;184269
155.9486344079487;0.04324518400244415;0.060174080077558756;184305
156.1395949719008;0.04355047410354018;0.05188777483999729;184346
156.32479286706075;0.04252122715115547;0.048698747996240854;184382
156.51706509594806;0.04369744099676609;0.05057805380783975;184422
156.7141583780758;0.04528876789845526;0.05213703494518995;184462
156.89953913912177;0.042587025091052055;0.045170524856075644;184499
157.0893218559213;0.041575645096600056;0.05292281787842512;184539
157.28281934303232;0.04544706107117236;0.04779874091036618;184575
157.46811154601164;0.041055992944166064;0.04788061999715865;184615
157.65437513706274;0.04174454906024039;0.046536322915926576;184651
157.8485607940238;0.04800677904859185;0.05091649596579373;184692
158.07830412103795;0.07301622512750328;0.06008000485599041;184733
158.27439871407114;0.04301835619844496;0.0557119008153677;184774
158.46744547295384;0.04180908692069352;0.055588149931281805;184814
158.65156594407745;0.041613683104515076;0.04629279696382582;184851
158.85008391994052;0.0488816499710083;0.055396870942786336;184891
159.04696444096044;0.04106582677923143;0.057288939133286476;184931
159.236224824097;0.040418921038508415;0.054880313109606504;184971
159.42927335691638;0.04685019515454769;0.04884525598026812;185011
159.6192306559533;0.03945324709638953;0.056976753985509276;185051
159.8054279210046;0.0398776619695127;0.04926191410049796;185088
159.99108683993109;0.0402409581001848;0.05208620778284967;185128
160.1771776441019;0.04193209786899388;0.04826198099181056;185169
160.36668237904087;0.040289139142259955;0.055029575945809484;185210
160.56411232310347;0.05012098699808121;0.05268930387683213;185250
160.7520633940585;0.040692130802199244;0.05026807705871761;185291
160.97674641106278;0.0764358330052346;0.052825777092948556;185328
161.1751606410835;0.046856120228767395;0.04974455200135708;185368
161.3668829270173;0.043906415812671185;0.053793561179190874;185408
161.5628612129949;0.04245678405277431;0.056663372088223696;185448
161.78727890504524;0.041553013026714325;0.054110133089125156;185485
161.97430535010062;0.04074980807490647;0.05080710677430034;185526
162.16792342509143;0.04228457389399409;0.05581354908645153;185567
162.35482826596126;0.04226834396831691;0.049222375033423305;185604
162.54541639611125;0.04554282408207655;0.04848014609888196;185645
162.73635544092394;0.04195300699211657;0.05166978808119893;185685
162.9318220189307;0.040251596132293344;0.05712505895644426;185725
163.14767116098665;0.060963419964537024;0.054042106959968805;185765
163.34026028611697;0.04515717085450888;0.048139760037884116;185801
163.53352151298895;0.04223093786276877;0.05270418315194547;185841
163.72446522698738;0.04224606300704181;0.048718111123889685;185882
163.91687503410503;0.04267412004992366;0.0500084781087935;185922
164.11091932910495;0.04479788802564144;0.051163889933377504;185963
164.29886765102856;0.04151336010545492;0.05036049289628863;185999
164.49173037102446;0.043790041003376245;0.049814346013590693;186039
164.68086126097478;0.042747450061142445;0.05070410086773336;186080
164.87212857208215;0.04093864397145808;0.05475424602627754;186120
165.05885266303085;0.04076768294908106;0.04547300608828664;186156
165.24915910698473;0.044594368198886514;0.04983264999464154;186192
165.4452315310482;0.04549901792779565;0.05269978614524007;186233
165.63644380006008;0.04201977397315204;0.05257866089232266;186270
165.82688854890876;0.04142130515538156;0.05171354184858501;186307
166.0179326441139;0.04242908977903426;0.052373225102201104;186347
166.2201512500178;0.05026908405125141;0.05644822004251182;186388
166.42521360307;0.05069380486384034;0.050637491047382355;186429
166.61966309300624;0.04226913000456989;0.05574969504959881;186469
166.80390523001552;0.04179797088727355;0.04660598002374172;186506
166.99454192398116;0.043770170072093606;0.048172957031056285;186546
167.1794948829338;0.04136901302263141;0.046183842001482844;186582
167.364526610123;0.040209629107266665;0.04673894098959863;186618
167.5592456110753;0.04469274589791894;0.05038487701676786;186655
167.7520812600851;0.041353692999109626;0.05568786710500717;186696
167.94067430496216;0.04110649018548429;0.04905519285239279;186737
168.13243579794653;0.04254440194927156;0.049862157087773085;186777
168.33848853199743;0.05407233000732958;0.05474453396163881;186814
168.53703462495469;0.046077846083790064;0.05456223781220615;186855
168.71970041212626;0.04156222986057401;0.0459706149995327;186892
168.92257188004442;0.05637582880444825;0.04751742607913911;186932
169.11264531803317;0.043139626970514655;0.05013551888987422;186972
169.32459723902866;0.04223568411543965;0.06997681292705238;187008
169.5144679530058;0.042434885865077376;0.04783127806149423;187044
169.70790247106925;0.04335056012496352;0.048332881880924106;187080
169.902161214035;0.04175830818712711;0.05375321302562952;187120
170.0928081041202;0.04347310611046851;0.05185697693377733;187160
170.28423694591038;0.04165646806359291;0.05303285294212401;187201
170.47738595609553;0.045441752998158336;0.04843916604295373;187241
170.66387006104924;0.04238598491065204;0.04583550617098808;187278
170.85079886205494;0.04076368804089725;0.05018369108438492;187319
171.0566910021007;0.051867306930944324;0.050356818130239844;187356
171.2426144189667;0.04032091912813485;0.048193326918408275;187392
171.4325322669465;0.042972449911758304;0.050167487002909184;187433
171.63460418512113;0.04325030604377389;0.055231978883966804;187474
171.82980941608548;0.04395443410612643;0.05234223394654691;187514
172.02272496395744;0.04057522816583514;0.04957449482753873;187551
172.2130348959472;0.041777946054935455;0.05039654904976487;187588
172.4080673858989;0.04351496696472168;0.05211364617571235;187628
172.59744722000323;0.04587378492578864;0.047067224979400635;187664
172.7973352840636;0.04140226007439196;0.053720925003290176;187705
172.98265727609396;0.04094367986544967;0.04900517198257148;187746
173.17961141304113;0.04191209399141371;0.05163417896255851;187787
173.38391824206337;0.05256243399344385;0.048560321098193526;187827
173.58908850792795;0.050725990906357765;0.05013490398414433;187867
173.79355518496595;0.04987520189024508;0.05141706811264157;187907
174.001279450953;0.052307775942608714;0.0536321469116956;187947
174.20941686909646;0.054112104000523686;0.05136940395459533;187983
174.40655166702345;0.0498167818877846;0.04736784705892205;188019
174.61425132700242;0.05159357702359557;0.051295830868184566;188060
174.8102673739195;0.04733534809201956;0.04805125389248133;188101
175.01139489305206;0.05374484905041754;0.049822034081444144;188137
175.21123273693956;0.048065379029139876;0.05390819790773094;188177
175.4170613558963;0.050996588077396154;0.05392494797706604;188217
175.62551842909306;0.05547635699622333;0.05004435312002897;188253
175.81966970395297;0.04692085995338857;0.04906856897287071;188289
176.03239725204185;0.04689828399568796;0.062049251049757004;188330
176.23679726896808;0.050655250903218985;0.05254713515751064;188370
176.4367206080351;0.04832082684151828;0.05012051109224558;188407
176.64224273595028;0.04973051999695599;0.05210525402799249;188443
176.84018233208917;0.04875285318121314;0.0484821000136435;188479
177.0463854370173;0.049843900837004185;0.05127228400669992;188520
177.25133918900974;0.04959044302813709;0.05318466993048787;188560
177.4547252729535;0.05103999306447804;0.04636352602392435;188597
177.66346478904597;0.0487566739320755;0.049341370118781924;188633
177.86891648406163;0.050195529824122787;0.04973349021747708;188673
178.06736265309155;0.04499890119768679;0.051526921801269054;188714
178.26473931712098;0.051009949995204806;0.047374005196616054;188750
178.46183148608543;0.0492065220605582;0.04926080396398902;188790
178.66576938610524;0.04835935984738171;0.0526758530177176;188831
178.85708465403877;0.04202781990170479;0.04944287915714085;188868
179.05342204892077;0.049381959019228816;0.04731843201443553;188905
179.26422758796252;0.05877316393889487;0.05360383307561278;188942
179.46982435509562;0.05276169697754085;0.04762990307062864;188978
179.66787387011573;0.04918048111721873;0.04774803598411381;189014
179.86546459398232;0.04807028197683394;0.04860348510555923;189055
180.06345768994652;0.051393575966358185;0.04766101320274174;189091
180.28717993106693;0.07301768800243735;0.05219439719803631;189132
180.47894747089595;0.04501946992240846;0.04757795808836818;189172
180.67658586800098;0.044809802202507854;0.05312781687825918;189213
180.86472186795436;0.04066822584718466;0.04640107206068933;189249
181.0539713590406;0.04267471516504884;0.04858596599660814;189286
181.2470351839438;0.04030731203965843;0.05251197097823024;189322
181.4300708270166;0.039899504045024514;0.04761331109330058;189362
181.61931960191578;0.04051097691990435;0.048639553133398294;189398
181.807390849106;0.04389452398754656;0.04731123382225633;189439
182.0074475610163;0.0472211770247668;0.05255506280809641;189479
182.20402418496087;0.04961573798209429;0.04551649186760187;189515
182.4072733761277;0.052081114146858454;0.052640457870438695;189556
182.60530479298905;0.047505315160378814;0.05204189498908818;189597
182.85326989809982;0.08481223811395466;0.06624528090469539;189638
183.0493390681222;0.04386890190653503;0.04749288619495928;189675
183.24546043900773;0.04403328197076917;0.05164637020789087;189715
183.4487122821156;0.046875749016180634;0.05374555103480816;189755
183.6472988689784;0.0497157562058419;0.05196915892884135;189796
183.846411366947;0.05066499998793006;0.046542675932869315;189832
184.04487343109213;0.05111860390752554;0.049793513026088476;189877
184.24416201002896;0.04950788686983287;0.04949414706788957;189918
184.44846911192872;0.05352683807723224;0.050708940951153636;189959
184.65666149090976;0.041525234933942556;0.04722014092840254;189995
184.8436138650868;0.04074583598412573;0.049343560822308064;190035
185.0325922400225;0.04167031077668071;0.049921796191483736;190075
185.22403824096546;0.04415119905024767;0.04777095001190901;190112
185.41885059606284;0.04281696514226496;0.0530419978313148;190149
185.61022371193394;0.04002994694747031;0.05352976405993104;190189
185.80144114792347;0.04280137596651912;0.04718808503821492;190226
185.989702146966;0.04149611992761493;0.046608362114056945;190263
186.18032534210943;0.04176616109907627;0.051437025889754295;190303
186.37276675994508;0.041889996035024524;0.04938349290750921;190340
186.5649746269919;0.04263671999797225;0.05395498499274254;190380
186.7622762680985;0.04501608293503523;0.049566373927518725;190417
186.9481022239197;0.041266377083957195;0.047990225022658706;190453
187.1416632870678;0.04127423604950309;0.051160979084670544;190494
187.33525866502896;0.04336088802665472;0.0543806329369545;190534
187.53035094309598;0.04163750004954636;0.05355890700593591;190570
187.72054876806214;0.04201510385610163;0.05203882697969675;190607
187.9130795970559;0.042105416068807244;0.0501741599291563;190647
188.10558937303722;0.04180412692949176;0.05257441313005984;190687
188.30252853198908;0.040841493057087064;0.054214598843827844;190728
188.49294441007078;0.04122209781780839;0.05093855713494122;190769
188.68162842607126;0.04047321807593107;0.047684160992503166;190809
188.86761042498983;0.040554862935096025;0.04901496693491936;190849
189.06585981091484;0.041635516099631786;0.055552108911797404;190889
189.25617482303642;0.042258861009031534;0.048025487922132015;190929
189.4460964759346;0.04479170800186694;0.045015934156253934;190965
189.6424968719948;0.04825387895107269;0.04799706186167896;191006
189.8416620849166;0.04548735008575022;0.05162560404278338;191043
190.0282843359746;0.04157426184974611;0.04901329195126891;191083
190.23940987698734;0.0645885830745101;0.04751361580565572;191123
190.42986476095393;0.04236812307499349;0.050301227951422334;191163
190.61707806098275;0.04055409599095583;0.044361308915540576;191200
190.81753772497177;0.04307495499961078;0.05719360988587141;191241
191.0067465340253;0.04184621199965477;0.049497286789119244;191281
191.1993235310074;0.04343503899872303;0.048287793062627316;191318
191.39331787498668;0.04644073289819062;0.04860431305132806;191358
191.59444030793384;0.043320170138031244;0.055091219022870064;191398
191.79148260108195;0.04179423418827355;0.05013110092841089;191438
191.9958860001061;0.04416526691056788;0.053182359086349607;191479
192.19613968208432;0.04241026402451098;0.05233990494161844;191515
192.39491777890362;0.0438792509958148;0.04969105310738087;191555
192.5914032049477;0.04201941890642047;0.05277570593170822;191596
192.78467028890736;0.04383367206901312;0.048643934074789286;191633
193.00076397391967;0.04740730603225529;0.06812571198679507;191674
193.1966991419904;0.043296143878251314;0.0534944930113852;191711
193.3915787099395;0.04261030303314328;0.05113329412415624;191751
193.5821604570374;0.040297865169122815;0.04961800994351506;191791
193.77808848093264;0.045064112171530724;0.053017191821709275;191831
193.96300572506152;0.04098295606672764;0.04463271703571081;191868
194.16163530410267;0.041990564204752445;0.055011163000017405;191904
194.3550482839346;0.042710301000624895;0.05124068190343678;191940
194.55243944004178;0.04456678405404091;0.050542684039101005;191980
194.74386715400033;0.041316673858091235;0.04835475608706474;192020
194.93169965595007;0.040740178897976875;0.04634996899403632;192056
195.1408991960343;0.04116358095780015;0.07191168610006571;192097
195.32896224292926;0.04211868694983423;0.0492361830547452;192137
195.529516562121;0.04077168903313577;0.06047553801909089;192173
195.72069128090516;0.04098613397218287;0.04872460896149278;192213
195.91867850511335;0.04462083103135228;0.05031371396034956;192254
196.10900046303868;0.04102038010023534;0.0486837939824909;192295
196.30247450293973;0.04374566301703453;0.050352492136880755;192335
196.4937342510093;0.042650487972423434;0.04691929812543094;192376
196.6867115229834;0.04203815315850079;0.050609937869012356;192412
196.87460609409027;0.040408840170130134;0.04902520799078047;192453
197.0694402239751;0.04193595703691244;0.049339100951328874;192494
197.26161148305982;0.040669693844392896;0.05250055016949773;192534
197.4516912130639;0.0417668242007494;0.050162769854068756;192575
197.64317379100248;0.040711277863010764;0.04957110597752035;192615
197.83164631202817;0.04103467403911054;0.048860515002161264;192656
198.0247370209545;0.04532055510208011;0.04708398086950183;192697
198.22288830205798;0.04486773279495537;0.049244245048612356;192737
198.4295695249457;0.045639372896403074;0.05890825600363314;192778
198.615535489982;0.03953735786490142;0.047368894098326564;192818
198.80258369189687;0.04013542295433581;0.04726867517456412;192855
198.9918973390013;0.04321591695770621;0.04780584992840886;192895
199.18687156704254;0.04379611695185304;0.04876784002408385;192935
199.3784882009495;0.04188701813109219;0.04707405902445316;192976
199.5735883519519;0.040711332112550735;0.05047021899372339;193012
199.76756026409566;0.04219999210909009;0.05169738992117345;193052
199.95736035890877;0.04125379701144993;0.05271283909678459;193093
200.15180810494348;0.047589106019586325;0.047730650985613465;193134
200.36413334705867;0.05245164385996759;0.061286945128813386;193170
200.5581775510218;0.046026118099689484;0.050230707973241806;193206
200.76177033502609;0.05071690701879561;0.051738661946728826;193246
200.97691656509414;0.04530231701210141;0.05532900313846767;193287
201.16605801694095;0.043131846003234386;0.043540738988667727;193323
201.3590253489092;0.04107509180903435;0.053337244084104896;193363
201.56686222204007;0.05375269381329417;0.055755091132596135;193403
201.75812082109042;0.043882752070203424;0.048515202943235636;193439
201.95226262696087;0.04083633306436241;0.04989042901434004;193480
202.14289766503498;0.04098576190881431;0.05141284200362861;193521
202.3357551500667;0.04459932120516896;0.04913801280781627;193558
202.52827405603603;0.04154286487028003;0.05016009206883609;193598
202.71966359112412;0.0404702820815146;0.051820131950080395;193635
202.91890922002494;0.04346004594117403;0.05282183503732085;193675
203.1159104600083;0.04160294705070555;0.057014544028788805;193712
203.3068910120055;0.040614055935293436;0.04967729211784899;193748
203.50120719405822;0.04087697505019605;0.05115073197521269;193789
203.6994631139096;0.041200980078428984;0.05611610203050077;193830
203.90789977204986;0.040380391059443355;0.050709147937595844;193867
204.10096832597628;0.042132416972890496;0.04870448703877628;193907
204.29838127200492;0.0434834249317646;0.04990425589494407;193947
204.5368102430366;0.07809333712793887;0.055256118066608906;193988
204.73014592798427;0.043763831024989486;0.04906652704812586;194028
204.9218961999286;0.040177874034270644;0.048470932990312576;194065
205.11149154999293;0.04229940613731742;0.04568977584131062;194101
205.31177514698356;0.044292711885645986;0.054087039083242416;194142
205.5053075000178;0.04301684978418052;0.04808601504191756;194179
205.71322531206533;0.04101184313185513;0.05990201304666698;194216
205.9144836680498;0.040551624028012156;0.05300934799015522;194252
206.1060674970504;0.042375009041279554;0.04838526388630271;194289
206.30523071391508;0.04049507901072502;0.05533606093376875;194330
206.4950806030538;0.04197510704398155;0.04717258992604911;194366
206.70291499095038;0.04074454098008573;0.05623424891382456;194406
206.9081979941111;0.05420851497910917;0.050043371971696615;194442
207.09671260905452;0.04071206506341696;0.04637707001529634;194478
207.28809104603715;0.04122988088056445;0.05122553207911551;194515
207.48028436908498;0.04085537395440042;0.04757883702404797;194555
207.67632687208243;0.040772362146526575;0.05547443497925997;194596
207.8744186910335;0.04084678110666573;0.05391599494032562;194637
208.06944360397756;0.04526060004718602;0.051044285064563155;194677
208.26042949594557;0.04067731788381934;0.047411306062713265;194713
208.4528026250191;0.04158142511732876;0.050298614893108606;194753
208.6448936040979;0.04083589604124427;0.0475964720826596;194790
208.84474377892911;0.043108677957206964;0.05421577603556216;194830
209.04440743103623;0.04509807098656893;0.05045395507477224;194866
209.2392874879297;0.04161113710142672;0.05088149104267359;194906
209.43736956594512;0.04117460292764008;0.054273375077173114;194947
209.6536611719057;0.060747727984562516;0.04669827199541032;194983
209.84470625710674;0.04086106503382325;0.0490273991599679;195019
210.04782548104413;0.04205488692969084;0.05788494506850839;195059
210.23791743302718;0.04087715898640454;0.04640559293329716;195095
210.43549115094356;0.04251265898346901;0.05096554197371006;195136
210.62235524109565;0.040605728048831224;0.04704301501624286;195173
210.83224789402448;0.04794928804039955;0.049655542941764;195214
211.03328330698423;0.048032792983576655;0.05061913700774312;195254
211.2484111438971;0.05616968986578286;0.05375581397674978;195294
211.4570037019439;0.05242398614063859;0.05318732396699488;195331
211.68959838408045;0.048694007098674774;0.05215773708187044;195367
211.88929891190492;0.04112303606234491;0.0565624728333205;195407
212.09175997506827;0.04211000306531787;0.05580949713476002;195448
212.29112753202207;0.04305244702845812;0.0528849121183157;195489
212.48940034699626;0.040635168086737394;0.057215515058487654;195530
212.68109633610584;0.04155101696960628;0.0491595258936286;195571
212.87439121399075;0.04033932602033019;0.054090027930215;195612
213.070527439937;0.04130345396697521;0.0524854410905391;195652
213.26690304093063;0.04202261404134333;0.05424451199360192;195689
213.46373037504964;0.04409296391531825;0.0454936190508306;195725
213.6605180921033;0.041576693998649716;0.055278808111324906;195765
213.855824531056;0.04049798380583525;0.046876383014023304;195801
214.0623160530813;0.04301951499655843;0.059921533800661564;195842
214.259457598906;0.04282865207642317;0.04854220896959305;195878
214.45462606102228;0.04385093390010297;0.05097704008221626;195915
214.65721384296194;0.04136853897944093;0.057007102062925696;195956
214.85036738798954;0.04068249789997935;0.0502187421079725;195992
215.04864732408896;0.041840748861432076;0.05730672413483262;196032
215.2646109899506;0.041582555044442415;0.06518516992218792;196072
215.46051967702806;0.04230989399366081;0.05065823905169964;196112
215.65969121898524;0.044106538873165846;0.05129585601389408;196153
215.8540604119189;0.04167791083455086;0.0527558911126107;196193
216.05427754693665;0.04220206383615732;0.0522708750795573;196233
216.2446090991143;0.040779931005090475;0.05297515285201371;196274
216.45818251906894;0.044131590984761715;0.04612786998040974;196310
216.70627068192698;0.04065832193009555;0.049158703070133924;196350
216.89926666091196;0.04221506603062153;0.05016074189916253;196386
217.09366322890855;0.042100085178390145;0.048821458825841546;196423
217.2884798219893;0.04181140218861401;0.05199570185504854;196463
217.48872972792014;0.0421616961248219;0.050449897069483995;196503
217.69450185005553;0.0421498769428581;0.05769519112072885;196543
217.8932773009874;0.04523891396820545;0.049137130845338106;196580
218.08814793103375;0.04216339089907706;0.04902980197221041;196617
218.2879665340297;0.04116437095217407;0.05049241706728935;196657
218.48410671507008;0.04309482988901436;0.052173213101923466;196693
218.68111629597843;0.04285931587219238;0.04896326712332666;196730
218.87377472710796;0.04080959898419678;0.05245394306257367;196767
219.06390428403392;0.040201426949352026;0.048217550152912736;196807
219.25964692607522;0.04901758814230561;0.047180393943563104;196844
219.47042683092877;0.04015025310218334;0.0668613389134407;196885
219.66354297101498;0.04103978304192424;0.05210688500665128;196922
219.85870541003533;0.03992794407531619;0.05076983501203358;196962
220.05504482495598;0.0439834981225431;0.049478104803711176;196999
220.25233172089793;0.042309992015361786;0.047896236879751086;197039
220.44734897091985;0.044247282203286886;0.04988886183127761;197075
220.6440444861073;0.04030534694902599;0.05145953712053597;197112
220.85290381894447;0.05354998214170337;0.05282757990062237;197152
221.0519273809623;0.04593092994764447;0.049356946954503655;197192
221.243505876977;0.0412630089558661;0.047055351082235575;197228
221.48810076504014;0.041408997029066086;0.052812036825343966;197268
221.6879398720339;0.041036875918507576;0.05448388401418924;197309
221.87945937598124;0.04115813295356929;0.04774089716374874;197345
222.07790255290456;0.04102304810658097;0.05440147710032761;197385
222.27742561791092;0.0446205569896847;0.05104597914032638;197422
222.48334619496018;0.04328113095834851;0.06007174914702773;197459
222.67891296907328;0.040901817148551345;0.05130449193529785;197499
222.87273866101168;0.04041748004965484;0.051947347819805145;197540
223.07558156596497;0.041168185183778405;0.050124509958550334;197580
223.28653705189936;0.04360662098042667;0.06550480681471527;197620
223.49179342295974;0.043621181044727564;0.053209707140922546;197661
223.68503790791146;0.040035346057266;0.048738315934315324;197697
223.87765619601123;0.03963447501882911;0.05116384197026491;197737
224.0778333679773;0.041763532906770706;0.05225595901720226;197777
224.27647910197265;0.041957844980061054;0.05398409208282828;197817
224.4790905150585;0.04527698387391865;0.048319019144400954;197857
224.67039364110678;0.04370585992000997;0.04703619796782732;197893
224.87089778389782;0.04175540688447654;0.053511505015194416;197933
225.06773158698343;0.04153044009581208;0.05303553305566311;197969
225.2804946489632;0.049368871143087745;0.05197238689288497;198005
225.47569938609377;0.041442780988290906;0.0473414019215852;198042
225.667094838107;0.040292273042723536;0.0516998500097543;198083
225.86664745304734;0.03949224413372576;0.056324639823287725;198120
226.06374433310702;0.04241123399697244;0.0482253220397979;198161
226.2806142680347;0.04589775810018182;0.05552819091826677;198202
226.48279097210616;0.04320637509226799;0.0567889790982008;198242
226.72685546102002;0.07704532099887729;0.04661115794442594;198283
226.9297495400533;0.04357255599461496;0.054874726105481386;198320
227.124585730955;0.04095782106742263;0.0498024239204824;198360
227.3290778559167;0.04047536198049784;0.05961400014348328;198401
227.54716702294536;0.04186664894223213;0.060341051081195474;198438
227.73614407004789;0.04075504397042096;0.04748440207913518;198474
227.95442201406695;0.05382209992967546;0.04771795100532472;198510
228.2097589680925;0.041930911131203175;0.049497999949380755;198547
228.42171182692982;0.050950948148965836;0.05353174195624888;198584
228.61271451809444;0.041381815914064646;0.04617167101241648;198620
228.81412156508304;0.04275915096513927;0.05527511006221175;198656
229.02668081899174;0.04294162499718368;0.06012711091898382;198693
229.23598019499332;0.044996952172368765;0.0547682938631624;198734
229.44347988604568;0.04176790011115372;0.060368224047124386;198770
229.65989059396088;0.04161912598647177;0.05937448097392917;198811
229.87623341800645;0.04230322316288948;0.05673339799977839;198852
230.09358947910368;0.042721529956907034;0.06122249411419034;198889
230.30074371607043;0.04463325487449765;0.06078263511881232;198925
230.54079874209128;0.04296682798303664;0.05352833401411772;198961
230.7408455889672;0.04233915405347943;0.05127746192738414;199001
230.94730628002435;0.041157101979479194;0.04640414682216942;199038
231.13823906797916;0.04183188220486045;0.04476845799945295;199074
231.3358024910558;0.043425519950687885;0.04966163798235357;199114
231.54107884992845;0.046872453996911645;0.05152899818494916;199155
231.7605325479526;0.05623787292279303;0.05385380098596215;199195
231.95442314306274;0.04167264001443982;0.04770892206579447;199231
232.1816645290237;0.04298182390630245;0.07021591789089143;199268
232.3742136869114;0.04325809492729604;0.04642526200041175;199305
232.57602248201147;0.04319622996263206;0.05309435911476612;199345
232.77815416804515;0.04117455007508397;0.05552457692101598;199381
232.9749525799416;0.04172234912402928;0.05022913496941328;199421
233.17162510706112;0.04611912602558732;0.04546875297091901;199458
233.37585926312022;0.04157743416726589;0.05200326885096729;199498
233.5758765770588;0.0422513869125396;0.054805330000817776;199535
233.77615034603514;0.04613128793425858;0.050921350019052625;199576
233.96864381199703;0.041339359944686294;0.04834167822264135;199613
234.17472601798363;0.04545414983294904;0.05650733411312103;199654
234.37240478605963;0.04129802598617971;0.04810136999003589;199691
234.5729218509514;0.04151703184470534;0.05427694506943226;199727
234.77088707592338;0.03999451082199812;0.04749866598285735;199767
234.96374425012618;0.040924747940152884;0.04986686306074262;199808
235.16135900490917;0.040486718993633986;0.05630443198606372;199848
235.37215711106546;0.04331874707713723;0.06506613898091018;199889
235.5596848449204;0.040595484897494316;0.048061945009976625;199929
235.75390743091702;0.04057645797729492;0.04665002506226301;199969
235.9461303439457;0.04350544908083975;0.04531478486023843;200006
236.13674156810157;0.04277673293836415;0.046106039080768824;200042
236.33439254411496;0.04338484909385443;0.04966816585510969;200082
236.53193646809086;0.04345531505532563;0.05069094989448786;200122
236.73528998694383;0.05128519795835018;0.0501873679459095;200163
236.9400597771164;0.04582946398295462;0.05473065609112382;200204
237.13742965995334;0.042261220049113035;0.05309399589896202;200244
237.3460685769096;0.0400878950022161;0.05292572407051921;200284
237.54062735498883;0.042704358929768205;0.05072727403603494;200324
237.73421916202642;0.04134356300346553;0.05016400502063334;200365
237.94314953009598;0.04188017500564456;0.04982798988930881;200406
238.1547192989383;0.05414178199134767;0.052996173966676;200447
238.35164158511907;0.04219964798539877;0.0513803840149194;200487
238.54633603803813;0.0416507450863719;0.04707620199769735;200527
238.74449388706125;0.041229320922866464;0.0526977211702615;200563
238.94559951196425;0.04066125792451203;0.053431151900440454;200604
239.1425597409252;0.04077506414614618;0.051684146048501134;200644
239.34401627606712;0.04156557307578623;0.05231128493323922;200685
239.54333230596967;0.042397442972287536;0.05228703795000911;200722
239.7433908879757;0.043452669167891145;0.05235725385136902;200763
239.93907342199236;0.04199925810098648;0.05094817187637091;200800
240.14163828408346;0.04166702879592776;0.05012276512570679;200840
240.33533210796304;0.04578697704710066;0.04508546506986022;200876
240.53624765598215;0.04962301393970847;0.049977355170995;200913
240.73192284698598;0.040441591991111636;0.049040851881727576;200950
240.9233455020003;0.03974444605410099;0.048083356115967035;200990
241.11214799806476;0.04022488906048238;0.04554945393465459;201026
241.30614253296517;0.039171349024400115;0.04921360197477043;201062
241.49591340008192;0.04021781706251204;0.047706770012155175;201099
241.69886868610047;0.04141826811246574;0.049316202057525516;201135
241.89506442192942;0.041616576025262475;0.051506871823221445;201175
242.09843886108138;0.04390606819652021;0.05469376686960459;201216
242.28785011405125;0.04111992893740535;0.04476871504448354;201252
242.49050935497507;0.0453268401324749;0.05267750797793269;201292
242.68056677700952;0.04196011880412698;0.04665256408043206;201333
242.8740753259044;0.04289072612300515;0.04904072196222842;201373
243.07680518808775;0.04067745804786682;0.04473678790964186;201409
243.2717987189535;0.04285028902813792;0.046799302101135254;201445
243.4645282390993;0.04339078301563859;0.047555929981172085;201481
243.66216888907366;0.04181974404491484;0.04847653186880052;201522
243.85282753803767;0.04113147594034672;0.04898589197546244;201563
244.07351572392508;0.06027495092712343;0.052294762106612325;201603
244.2858202739153;0.05681306403130293;0.052328167017549276;201639
244.48684955690987;0.0438202649820596;0.04887540405616164;201676
244.68688519694842;0.047132245963439345;0.04827754688449204;201712
244.88683803309686;0.04311219020746648;0.053861505817621946;201752
245.11699114111252;0.06411790614947677;0.06167506705969572;201792
245.31747470004484;0.04275940707884729;0.05556707107461989;201833
245.5233124969527;0.04307839600369334;0.05959360091947019;201874
245.7252580691129;0.042694888077676296;0.056698271073400974;201915
245.9179040971212;0.041271713096648455;0.049180435948073864;201951
246.1099915211089;0.041385289980098605;0.04481026390567422;201987
246.30385923711583;0.04042754997499287;0.0520998549181968;202023
246.50397893111221;0.042032960802316666;0.05653647915460169;202063
246.6958623121027;0.04115100018680096;0.04596669692546129;202099
246.89067902602255;0.04245369019918144;0.05236645881086588;202139
247.08691903506406;0.040941568091511726;0.05153756192885339;202179
247.2852478721179;0.04324632906354964;0.05014152405783534;202219
247.47887494508177;0.04197074309922755;0.051310447975993156;202255
247.67842836095951;0.04078598809428513;0.051708148792386055;202295
247.88789854291826;0.04299140488728881;0.06572889513336122;202335
248.08979067206383;0.04237668914720416;0.05336670996621251;202371
248.28592202509753;0.04159665992483497;0.05270168907009065;202407
248.48758138297126;0.042512619169428945;0.05305618001148105;202448
248.69072341010906;0.04255289910361171;0.05436414200812578;202484
248.88578777993098;0.042990053072571754;0.05227496102452278;202525
249.11088677612133;0.07617851183749735;0.04341509402729571;202561
249.31334399990737;0.049883781000971794;0.050750140799209476;202605
249.50973329111002;0.04147116793319583;0.049756980035454035;202645
249.70413719210774;0.041839564917609096;0.046046338975429535;202682
249.91884013800882;0.05027316999621689;0.054368718061596155;202722
250.11174858990125;0.043093291809782386;0.04432745813392103;202758
250.30606572399847;0.0420130540151149;0.04803413897752762;202794
250.50138130504638;0.04331663600169122;0.04911907413043082;202835
250.7066464209929;0.0424741820897907;0.059487503953278065;202879
250.90667855902575;0.043728546937927604;0.050068377051502466;202920
251.10500169498846;0.04468326992355287;0.04832112998701632;202964
251.31806049798615;0.04413163708522916;0.05730703193694353;203004
251.51901874295436;0.04500909592024982;0.05394260701723397;203044
251.71802827809006;0.04128935397602618;0.05076096090488136;203084
251.91816447093152;0.0410686950199306;0.055404075887054205;203120
252.10857047396712;0.04258771287277341;0.045255806064233184;203157
252.30123827094212;0.042077593971043825;0.04811054398305714;203193
252.50811226991937;0.051964636193588376;0.05237215990200639;203234
252.70336876809597;0.04162679496221244;0.04782975697889924;203274
252.8970542671159;0.042695548851042986;0.04838315397500992;203315
253.11009596497752;0.04108957387506962;0.06859212601557374;203352
253.3062267440837;0.042354165110737085;0.05094044399447739;203389
253.5092305780854;0.044867218006402254;0.052587624872103333;203429
253.71186612197198;0.04436020995490253;0.0493087291251868;203466
253.90799784497358;0.04506561113521457;0.048453046940267086;203506
254.09991209907457;0.04125244705937803;0.0466955560259521;203547
254.29452506103553;0.04122783895581961;0.05116162309423089;203588
254.5013062309008;0.0431738100014627;0.056441107066348195;203628
254.7104476140812;0.048291773069649935;0.05234455200843513;203668
254.90823075710796;0.04375629383139312;0.0509518152102828;203709
255.10734722507186;0.04067213390953839;0.05193064804188907;203749
255.30556569690816;0.04094599699601531;0.05464707897044718;203790
255.51459895609878;0.05333709600381553;0.050039565889164805;203830
255.72789650200866;0.040194747038185596;0.05329399090260267;203871
255.9222154240124;0.04492370807565749;0.04416257794946432;203907
256.1301686449442;0.049471807200461626;0.05582446698099375;203947
256.3278543620836;0.04513239488005638;0.04678661213256419;203983
256.52213610406034;0.0452052301261574;0.04483583988621831;204019
256.72022906295024;0.04112901701591909;0.050856597954407334;204060
256.9197133530397;0.04227549210190773;0.05240107886493206;204100
257.11047007190064;0.0413539158180356;0.04468934517353773;204136
257.3123919919599;0.04279618989676237;0.05674663605168462;204172
257.5031865159981;0.04159209108911455;0.0447232760488987;204208
257.71499984990805;0.040895204059779644;0.0650244620628655;204245
257.9157891869545;0.043589763808995485;0.05268459301441908;204281
258.1301090470515;0.04645444988273084;0.05972934793680906;204322
258.3246455041226;0.04131183191202581;0.0486024571582675;204358
258.52853983896784;0.04288926697336137;0.0578395810443908;204395
258.72868929593824;0.04606975195929408;0.05202735704369843;204431
258.9227624509949;0.042324465001001954;0.04701253096573055;204468
259.1273635199759;0.041844702092930675;0.056237963028252125;204509
259.3255190490745;0.04223049385473132;0.048653756035491824;204550
259.52207887894474;0.0399004309438169;0.052460112143307924;204590
259.7126740079839;0.040795410983264446;0.04705815319903195;204631
259.9076930519659;0.040791370905935764;0.050462603103369474;204672
260.1048494831193;0.04240805911831558;0.047563083935528994;204713
260.31198016600683;0.05362242599949241;0.04713310790248215;204749
260.53057536808774;0.0489421091042459;0.06277569406665862;204790
260.73292917199433;0.04368773498572409;0.05119967507198453;204831
260.9333226850722;0.04319038498215377;0.04923178697936237;204872
261.13520574592985;0.043181971879675984;0.05312870303168893;204912
261.3397662579082;0.04671887191943824;0.04651962895877659;204948
261.54122493811883;0.04180104285478592;0.053824146976694465;204984
261.7396298320964;0.04235142399556935;0.050045061856508255;205025
261.93391601601616;0.04319307301193476;0.04527057590894401;205061
262.131549207028;0.04218654986470938;0.05155680910684168;205101
262.3239160371013;0.04096324904821813;0.04829365387558937;205141
262.52391491108574;0.04679922014474869;0.049750791862607;205181
262.721367954975;0.04260989208705723;0.051165252923965454;205221
262.92871898412704;0.04185468191280961;0.060381678864359856;205262
263.13484454504214;0.04166590515524149;0.05613958486355841;205303
263.3254458711017;0.04219156294129789;0.04822636302560568;205339
263.52311327890493;0.04090712312608957;0.051988480845466256;205379
263.7195775490254;0.04065284598618746;0.050535665126517415;205420
263.9212585820351;0.04276706604287028;0.05136766703799367;205461
264.1156160319224;0.0419141361489892;0.04702736786566675;205502
264.3206592579372;0.04224884696304798;0.051107618026435375;205539
264.51716808392666;0.0443310490809381;0.04580086702480912;205576
264.7162849479355;0.04656023602001369;0.051011040108278394;205620
264.9115056230221;0.04167473898269236;0.04775184812024236;205660
265.1030598611105;0.04073830205015838;0.04496971401385963;205697
265.2966233061161;0.04166515008546412;0.05032063904218376;205733
265.50063160597347;0.04189917095936835;0.05123722809366882;205774
265.6928574719932;0.04039865802042186;0.04872798593714833;205815
265.8876768241171;0.04045350896194577;0.04917118395678699;205856
266.0847120920662;0.04416928184218705;0.04939517914317548;205893
266.28106741211377;0.04176198109053075;0.050363387912511826;205930
266.4845824020449;0.04405897296965122;0.05209635593928397;205970
266.6854468919337;0.042096549877896905;0.0532838620711118;206010
266.8877803001087;0.0435453150421381;0.051019450882449746;206050
267.08649043599144;0.042433487018570304;0.050917196087539196;206090
267.28069673711434;0.04213761095888913;0.04820833494886756;206126
267.48206719197333;0.04507227288559079;0.049619169905781746;206167
267.690672341967;0.05504485685378313;0.050883965101093054;206207
267.8901497409679;0.04201024188660085;0.05188240320421755;206247
268.09029214805923;0.04317048005759716;0.0517330439761281;206287
268.29072458692826;0.0418254139367491;0.055606919107958674;206328
268.48851813492365;0.04181870608590543;0.050109219970181584;206373
268.68721021711826;0.0431271861307323;0.0512038660235703;206410
268.8797588991001;0.041184480069205165;0.045482087880373;206446
269.08412605989724;0.04402392799966037;0.05621617008000612;206486
269.31111085391603;0.05097697698511183;0.056301735108718276;206527
269.5168931360822;0.04308335296809673;0.046007264871150255;206567
269.71174064208753;0.03998541901819408;0.045297533040866256;206604
269.9057686950546;0.040345485089346766;0.04908385896123946;206645
270.0961568339262;0.04143286286853254;0.04718633205629885;206685
270.28970450907946;0.041696802014485;0.04852505214512348;206725
270.4803611370735;0.0412384201772511;0.04826811491511762;206761
270.67916255490854;0.03995817503891885;0.05241474416106939;206801
270.8733459811192;0.043174067977815866;0.05099185509607196;206842
271.0628983830102;0.04170264094136655;0.043545208871364594;206878
271.29276837897487;0.08409988600760698;0.04480881686322391;206915
271.48686041892506;0.04427751409821212;0.04586152802221477;206952
271.6839770760853;0.040534961968660355;0.04787656106054783;206992
271.88624773803167;0.04899847996421158;0.04813589807599783;207033
272.0809450040106;0.04070643917657435;0.04963203985244036;207073
272.2685542409308;0.04190968396142125;0.04328972310759127;207110
272.487750020111;0.05781919998116791;0.05494573200121522;207150
272.6804661080241;0.042068229988217354;0.046746875857934356;207187
272.88092510495335;0.044314725091680884;0.047824296867474914;207224
273.07801966695115;0.041285512037575245;0.04801592300646007;207264
273.27967767906375;0.04108254611492157;0.05335993994958699;207304
273.4759640379343;0.04148938413709402;0.047852569026872516;207341
273.6771093409043;0.04467912809923291;0.05119919404387474;207382
273.8678416220937;0.04096505604684353;0.04286425281316042;207419
274.0720206920523;0.043030253145843744;0.045104778837412596;207459
274.26703893207014;0.04075581603683531;0.05058596492744982;207500
274.46531263692304;0.044111033203080297;0.0456281928345561;207536
274.6598200111184;0.040785623947158456;0.04884614609181881;207576
274.85626543010585;0.04059491609223187;0.04939046502113342;207616
275.04868322005495;0.04214976681396365;0.048119079088792205;207656
275.2369237439707;0.03919809893704951;0.04476876696571708;207696
275.4263095050119;0.03974552801810205;0.04382915794849396;207733
275.62235216097906;0.04070426104590297;0.04850431112572551;207774
275.8319083440583;0.045437308959662914;0.05317780701443553;207815
276.0257555190474;0.04186969483271241;0.045146791031584144;207851
276.2159351729788;0.04213895997963846;0.046965903136879206;207891
276.4152023899369;0.041784792905673385;0.051731758983805776;207932
276.60679982905276;0.04027683497406542;0.046257302863523364;207972
276.80037295795046;0.04068254493176937;0.04592774901539087;208008
276.99183317809366;0.042025477858260274;0.047086428152397275;208045
277.20024417503737;0.052395198959857225;0.05056217801757157;208085
277.39240244589746;0.04165419703349471;0.04842570400796831;208122
277.5951532931067;0.043895455775782466;0.05313528818078339;208163
277.79653302789666;0.04183492879383266;0.05325336009263992;208204
277.9934568940662;0.045549673959612846;0.04709528596140444;208245
278.2047873470001;0.04192582191899419;0.04679048201069236;208281
278.3967586620711;0.04185580392368138;0.04628380807116628;208321
278.5993043149356;0.041595343966037035;0.04999658092856407;208362
278.79361446993425;0.04418787593021989;0.0487041890155524;208402
278.99182527698576;0.04236419894732535;0.0469841449521482;208443
279.181788204005;0.039922338211908937;0.04849915485829115;208483
279.387304140022;0.040533328894525766;0.055257883155718446;208524
279.58197000506334;0.04167997790500522;0.05102084809914231;208564
279.7775343700778;0.040360983926802874;0.051425874000415206;208604
279.97011157800443;0.04082091012969613;0.047012625029310584;208640
280.17058891407214;0.04359509819187224;0.05338645284064114;208680
280.36529279500246;0.04288474004715681;0.04862990486435592;208716
280.5666680310387;0.046887650154531;0.050967230927199125;208752
280.77714050607756;0.04832190088927746;0.051049110013991594;208793
280.9933202750981;0.042555517982691526;0.06388908182270825;208834
281.1860422811005;0.04110709810629487;0.04676040285266936;208875
281.3826230270788;0.040518860099837184;0.05344142206013203;208912
281.58096543396823;0.04078571195714176;0.05154143203981221;208952
281.7774856099859;0.04068128112703562;0.04785658302716911;208992
281.9696154380217;0.0417352169752121;0.04863032791763544;209033
282.1741659459658;0.04530109604820609;0.053473591106012464;209073
282.36904533207417;0.04444343107752502;0.04643741506151855;209109
282.5709701690357;0.0440562479197979;0.04986609215848148;209149
282.78465787298046;0.04251780384220183;0.043744090013206005;209185
282.99016100890003;0.046581218019127846;0.05052014905959368;209225
283.1980605421122;0.042146645952016115;0.05619773082435131;209266
283.3964197051246;0.042356234043836594;0.0460661540273577;209303
283.592318121111;0.04216097388416529;0.04930219892412424;209339
283.79010465508327;0.04198643402196467;0.04773891996592283;209380
283.9894256030675;0.045191952027380466;0.05140808201394975;209420
284.1883591830265;0.04290702799335122;0.05131978099234402;209456
284.3861274549272;0.04328235913999379;0.04659340204671025;209493
284.5816652320791;0.04507341398857534;0.04638649593107402;209529
284.7884247091133;0.05033026891760528;0.04857617593370378;209570
284.9916647810023;0.04555865400470793;0.04967257287353277;209611
285.18598702107556;0.04185176105238497;0.04842440295033157;209651
285.38797908998094;0.0431389978621155;0.04488994600251317;209687
285.58194649312645;0.041545504005625844;0.046684277011081576;209723
285.78133235289715;0.042839524103328586;0.048760468838736415;209760
285.979447074933;0.042365239933133125;0.04926961497403681;209796
286.17618577205576;0.041942470939829946;0.04813162004575133;209837
286.366483097896;0.041277362033724785;0.04585933801718056;209874
286.5588633629959;0.042776804184541106;0.043762919027358294;209910
286.75924533000216;0.04350597015582025;0.050658755004405975;209950
286.961748941103;0.04201522306539118;0.04669905989430845;209990
287.1714095089119;0.042929286835715175;0.04522654809989035;210026
287.3754219429102;0.04151548119261861;0.04910113289952278;210066
287.57367436611094;0.04115448519587517;0.04429543693549931;210103
287.7729615869466;0.04206028510816395;0.05111416499130428;210143
287.9730959581211;0.04095216211862862;0.05070811579935253;210180
288.1732354089618;0.04331984487362206;0.0487693240866065;210221
288.38006401993334;0.04210057808086276;0.05871264706365764;210257
288.5817891319748;0.04160309210419655;0.05233846604824066;210298
288.79338970500976;0.0414273920468986;0.05991438403725624;210338
288.9923157671001;0.04764725896529853;0.04670838196761906;210379
289.18788111791946;0.042451998917385936;0.04482689104042947;210416
289.39161682804115;0.042622261913493276;0.05328033398836851;210456
289.60940983495675;0.05323702306486666;0.05853771208785474;210492
289.8288860870525;0.054123831912875175;0.05501720099709928;210528
290.04485453106463;0.05262939305976033;0.051531442906707525;210565
290.2440853200387;0.041846391977742314;0.04781083203852177;210606
290.45089844893664;0.044420759892091155;0.053340495098382235;210646
290.6525104790926;0.04191811289638281;0.05075835110619664;210687
290.84705648501404;0.04124814108945429;0.046001334907487035;210724
291.04353625001386;0.042021534172818065;0.046168346889317036;210760
291.2479583991226;0.04351085890084505;0.05342374206520617;210800
291.44223603606224;0.0407059860881418;0.04731606179848313;210836
291.6500437380746;0.04083874309435487;0.05026925401762128;210876
291.84549671411514;0.042434758972376585;0.047876860946416855;210916
292.0505979428999;0.042185885831713676;0.05214645410887897;210953
292.2626286360901;0.04223222704604268;0.05564772989600897;210993
292.4643617919646;0.04300507693551481;0.053395957918837667;211033
292.6655998940114;0.04249294591136277;0.0513192149810493;211074
292.8836285730358;0.04860189789906144;0.05184455891139805;211115
293.0880439640023;0.047736285952851176;0.046246667159721255;211156
293.285567603074;0.04124566214159131;0.04748725891113281;211192
Initial execution;0.17976018297486007
Initial execution;0.19383333390578628
