Discovery and Parsing time;Parsing time;Ontology instantiation time;Triples numbers
0;0;90384
Initial execution;28.53481017309241
2.511420705821365;0.33663648506626487;0.07100165192969143;90472
2.7200635538902134;0.08275660895742476;0.06836285605095327;90528
2.8852525919210166;0.04918987094424665;0.06063871504738927;90584
3.0519727137871087;0.048865069169551134;0.06437843479216099;90639
3.214780865004286;0.04788302397355437;0.0614303951151669;90694
3.3795930868946016;0.04788416507653892;0.06050281599164009;90750
3.545342910801992;0.04838336585089564;0.060918333008885384;90806
3.7025322529952973;0.046417757170274854;0.05375385284423828;90858
3.8752495869994164;0.047108927043154836;0.07039647200144827;90914
4.041938164969906;0.04959714598953724;0.06290041119791567;90970
4.221599131822586;0.04779279697686434;0.07385916193015873;91025
4.37429058784619;0.04936294793151319;0.04685730906203389;91066
4.548365423921496;0.048622556030750275;0.07072140299715102;91129
4.719203786924481;0.05352273699827492;0.06141632911749184;91180
4.890099567826837;0.05001323693431914;0.06293651694431901;91236
5.059247903991491;0.04710160079412162;0.06759710214100778;91291
5.211788916960359;0.05004499410279095;0.04785211384296417;91328
5.390961106866598;0.052563467994332314;0.0705620280932635;91387
5.541554516879842;0.045690682949498296;0.0485597460065037;91427
5.718747382983565;0.050320029025897384;0.07231307588517666;91483
5.891310471808538;0.05156539008021355;0.0623892389703542;91538
6.041773652890697;0.048000391107052565;0.045812103897333145;91575
6.200709719909355;0.04728155490010977;0.05336623708717525;91615
6.367251270916313;0.048587082186713815;0.06374611891806126;91670
6.541523282881826;0.05107324197888374;0.0639557559043169;91726
6.705478983931243;0.05142954993061721;0.04573442996479571;91763
6.879096890799701;0.04997948696836829;0.06743896706029773;91823
7.046463439008221;0.04735533590428531;0.06051328987814486;91879
7.199399481993169;0.04915250884369016;0.04818231309764087;91919
7.359364653006196;0.048274960834532976;0.05608819215558469;91963
7.517550398828462;0.049480510177090764;0.049515727907419205;92000
7.671285774791613;0.04874450294300914;0.049041222082450986;92040
7.836527161998674;0.05220987880602479;0.05263782409019768;92080
8.00863568088971;0.04781551519408822;0.06640795199200511;92136
8.163994603790343;0.04823953891173005;0.05130179808475077;92176
8.325365824857727;0.05105442390777171;0.04658991191536188;92213
8.506532187806442;0.048469527857378125;0.07127494015730917;92269
8.67770869191736;0.04741496895439923;0.0673995919059962;92328
8.853326488984749;0.050896401051431894;0.06438915687613189;92369
9.221268935827538;0.04655462806113064;0.0735136610455811;92428
9.382380241993815;0.047885604901239276;0.05712844408117235;92468
9.55410983087495;0.04724139696918428;0.06818875600583851;92520
9.742542747873813;0.04809541814029217;0.08537923591211438;92575
9.92214964190498;0.04776120884343982;0.07339638704434037;92630
10.076685858890414;0.04790303413756192;0.052386971889063716;92671
10.260434443829581;0.049470173893496394;0.07814397406764328;92727
10.442311886930838;0.05203739204443991;0.07424367102794349;92782
10.598624044796452;0.04940385092049837;0.051328778034076095;92823
10.760184730868787;0.04805493890307844;0.058213646057993174;92864
10.933550553862005;0.048468131106346846;0.07047971384599805;92924
11.099345394875854;0.052867730148136616;0.05605002981610596;92968
11.278008917812258;0.04935068101622164;0.0693531020078808;93024
11.450737960869446;0.047372693195939064;0.06893795379437506;93076
11.607548351865262;0.04706775094382465;0.05445745191536844;93120
11.791349584935233;0.048936786130070686;0.07767395884729922;93176
11.95534275798127;0.04769191099330783;0.06251244293525815;93220
12.113827341003343;0.04857772006653249;0.05164878792129457;93261
12.271384458988905;0.04932651203125715;0.05210683308541775;93301
12.448192345909774;0.04878678102977574;0.07213583495467901;93357
12.617569918977097;0.049750495003536344;0.059577217092737556;93409
12.799054720904678;0.05240181786939502;0.06905698520131409;93468
12.953622572822496;0.04846938909031451;0.050739290891215205;93509
13.129060142906383;0.0507695940323174;0.06673510791733861;93569
13.290432085981593;0.04970015096478164;0.055665940046310425;93610
13.45612067496404;0.05140825710259378;0.05676626297645271;93646
13.612280185800046;0.04777546087279916;0.05229799496009946;93691
13.778051898814738;0.0492363169323653;0.056367479963228106;93731
13.943558756960556;0.04916984401643276;0.048864530865103006;93771
14.126821154961362;0.05086419195868075;0.07621309999376535;93827
14.292348261922598;0.04815921513363719;0.058742704801261425;93868
14.463877875823528;0.05351360607892275;0.05935530690476298;93913
14.632502462947741;0.0484429111238569;0.06041076383553445;93965
14.823721535969526;0.048967808950692415;0.08558616507798433;94021
14.978921274887398;0.046896464889869094;0.050054362043738365;94061
15.13430836983025;0.048781245946884155;0.0516056539490819;94106
15.313161924947053;0.04947113199159503;0.06627430394291878;94165
15.470877220854163;0.04958806396462023;0.05084584001451731;94205
15.624986337963492;0.048412321135401726;0.04824183089658618;94249
15.783605080796406;0.05190005083568394;0.05011034500785172;94289
15.956656086957082;0.057774326065555215;0.05622160411439836;94329
16.11952581978403;0.05010604299604893;0.05588036100380123;94370
16.299581415951252;0.054835639195516706;0.06736284890212119;94426
16.471850766800344;0.047871680930256844;0.06592033989727497;94482
16.62159709678963;0.04837444191798568;0.04668416013009846;94523
16.7795622528065;0.05015314603224397;0.04991568112745881;94567
16.9335863168817;0.04827343509532511;0.04818024090491235;94608
17.097818123875186;0.048215122893452644;0.05821186816319823;94663
17.257386893965304;0.04837739118374884;0.05170342791825533;94704
17.4106283148285;0.04807927994988859;0.047849199967458844;94752
17.563255925895646;0.04805042501538992;0.047332050977274776;94796
17.720121623948216;0.05402149097062647;0.047953235916793346;94836
17.88793683797121;0.04725688905455172;0.0643983029294759;94892
18.054450204828754;0.0464607710018754;0.0629857808817178;94948
18.22750776191242;0.04859547992236912;0.06554768700152636;95011
18.385091980919242;0.0459779289085418;0.053916580975055695;95052
18.532157436944544;0.045072601176798344;0.044816097943112254;95093
18.70857459399849;0.04419073206372559;0.07562223286367953;95152
18.876131916884333;0.04354632296599448;0.06811710097827017;95208
19.02597707696259;0.04253775696270168;0.051080706063658;95248
19.18769664200954;0.0432853780221194;0.060148242861032486;95300
19.35337612289004;0.0437945791054517;0.06365768006071448;95352
19.509711641818285;0.0455001899972558;0.053179373033344746;95393
19.660620787879452;0.04264435498043895;0.05182626796886325;95433
19.82595771085471;0.0439866881351918;0.0636348188854754;95489
19.991966327885166;0.04341098479926586;0.06303502502851188;95549
20.139327299781144;0.04266650299541652;0.046133301919326186;95586
20.307297728955746;0.042626965092495084;0.06350528704933822;95649
20.486614890862256;0.04474240611307323;0.06930438592098653;95705
20.654776146868244;0.040434522088617086;0.07033323403447866;95765
20.812070359941572;0.041023814119398594;0.05838435888290405;95806
20.956788442796096;0.039726318093016744;0.04849585401825607;95846
21.100721824914217;0.041408724850043654;0.04457108210772276;95887
21.288685998879373;0.07755788788199425;0.05290871998295188;95927
21.436777498805895;0.04369072802364826;0.04404790885746479;95964
21.58490320085548;0.043537240009754896;0.04841068317182362;96008
21.73132008081302;0.04129979806020856;0.04750484484247863;96049
21.88155549694784;0.04188976204022765;0.047415224835276604;96090
22.026679410832003;0.041897248942404985;0.046806548023596406;96131
22.171278171939775;0.040474616922438145;0.04769227793440223;96171
22.321472161915153;0.041661898139864206;0.05136661883443594;96212
22.49616016400978;0.04091834416612983;0.07363575394265354;96267
22.643452213844284;0.040314608020707965;0.05049501499161124;96307
22.798604477895424;0.039896409958601;0.048260460840538144;96347
22.96665327087976;0.039201340172439814;0.07070336700417101;96403
23.122153522912413;0.04322673613205552;0.05466178385540843;96447
23.29065083200112;0.04086467297747731;0.06497184210456908;96487
23.443139203824103;0.04011927591636777;0.051937711890786886;96528
23.594658063957468;0.041309118969365954;0.052929496858268976;96569
23.745062596863136;0.04031187598593533;0.04973831679672003;96610
23.898765539983287;0.041104868054389954;0.05458281189203262;96651
24.06832945579663;0.040071520023047924;0.07008772599510849;96707
24.21991359582171;0.04166007484309375;0.05057130707427859;96748
24.387203346937895;0.040288046002388;0.07061801897361875;96788
24.5329946228303;0.039317762944847345;0.04738550283946097;96829
24.67918369988911;0.040689167100936174;0.04777825204655528;96870
24.834018600871786;0.043592595029622316;0.053130186162889004;96910
24.99879541993141;0.03946730401366949;0.050009608967229724;96946
25.167586561990902;0.04024113807827234;0.07035957300104201;97006
25.314955970970914;0.03926305682398379;0.04827624699100852;97047
25.488209618953988;0.039734404999762774;0.07204338908195496;97103
25.639258100884035;0.04033803683705628;0.05319020105525851;97140
25.81582752498798;0.04079861589707434;0.054772661067545414;97181
25.97407759889029;0.0402185779530555;0.060074116103351116;97222
26.126518051838502;0.04149507498368621;0.05078574502840638;97266
26.29097324493341;0.04075669404119253;0.06507144402712584;97317
26.44121125084348;0.042245866963639855;0.04898430407047272;97354
26.59937022300437;0.0440566879697144;0.05592867103405297;97395
26.749407518887892;0.0416928487829864;0.04833291913382709;97431
26.900896867970005;0.04104022216051817;0.05222660000436008;97472
27.053111681947485;0.04122653394006193;0.05341624398715794;97512
27.20444350480102;0.04817590303719044;0.04558952501975;97552
27.3513773328159;0.041586231905967;0.04791542002931237;97593
27.510511294938624;0.040165368001908064;0.0620141988620162;97645
27.655170789919794;0.04019628185778856;0.04617679608054459;97686
27.803999695926905;0.04231686005368829;0.05037317308597267;97727
27.950131960911676;0.041182351065799594;0.046111563919112086;97768
28.111192933982238;0.04091070988215506;0.062413586070761085;97824
28.261044265003875;0.04367842897772789;0.04557694913819432;97860
28.410858924966305;0.04324887995608151;0.049639449920505285;97901
28.587916174903512;0.040693992050364614;0.07485430990345776;97957
28.744499283842742;0.041240300983190536;0.05826391908340156;97997
28.89495983789675;0.04341868800111115;0.04591848514974117;98034
29.04206171189435;0.040222539100795984;0.047481991816312075;98074
29.19051355193369;0.04112998582422733;0.04819517116993666;98115
29.344830561894923;0.04260320612229407;0.05090992897748947;98159
29.496423692908138;0.04048240906558931;0.05343443201854825;98203
29.644593787845224;0.04011931293644011;0.051014085998758674;98243
29.79884849791415;0.04454610194079578;0.04898320301435888;98283
29.954972009873018;0.04324013600125909;0.05416884692385793;98324
30.1091924989596;0.04144582594744861;0.051047757966443896;98368
30.263276958838105;0.04223644291050732;0.050741933984681964;98409
30.43101339181885;0.04205841990187764;0.06746916798874736;98468
30.58246380300261;0.04073189198970795;0.05076746107079089;98508
30.7386492989026;0.04039250686764717;0.0553167259786278;98549
30.890870076837018;0.04108212888240814;0.052520208060741425;98589
31.038161261938512;0.03935608500614762;0.047818274004384875;98629
31.18462123395875;0.03968061483465135;0.04628930101171136;98665
31.33097722195089;0.04110137093812227;0.047968355007469654;98701
31.48241919395514;0.04028623993508518;0.050217997981235385;98742
31.638999281916767;0.04436237597838044;0.052216805052012205;98783
31.793522751890123;0.042860708897933364;0.05413622595369816;98819
31.936466408893466;0.03958160197362304;0.04697854211553931;98860
32.09151254501194;0.040596853010356426;0.05350326909683645;98900
32.247312540886924;0.04120420594699681;0.048275114968419075;98941
32.398933541961014;0.04199569090269506;0.05257402407005429;98978
32.54614907479845;0.040577099891379476;0.047522920183837414;99019
32.69332973100245;0.039222943130880594;0.048764989944174886;99059
32.84738088189624;0.039394402876496315;0.055925928987562656;99100
33.00126702780835;0.039028062019497156;0.055559305008500814;99136
33.152791200904176;0.040403953986242414;0.05349553213454783;99176
33.30513178091496;0.043486279901117086;0.04771799501031637;99217
33.45191465783864;0.03986854013055563;0.04669338488020003;99258
33.603798240888864;0.04172391607426107;0.049501684959977865;99299
33.75679058698006;0.03955549490638077;0.04901041812263429;99340
33.907648839987814;0.039768863935023546;0.05032685701735318;99380
34.05318620498292;0.03997516492381692;0.04725972912274301;99420
34.202535648830235;0.039490263210609555;0.04882524278946221;99461
34.37058525485918;0.04074730793945491;0.06708816695027053;99513
34.51550285797566;0.03855736507102847;0.04475551983341575;99554
34.660581247881055;0.039788190042600036;0.045991674065589905;99595
34.80414336989634;0.04001129698008299;0.04590030713006854;99635
34.95550783793442;0.04342304286547005;0.04833536106161773;99672
35.108047630870715;0.04076499515213072;0.04895346495322883;99713
35.25477661984041;0.03972925012931228;0.04947382281534374;99754
35.40668106591329;0.0402922029606998;0.0507923720870167;99795
35.555064257001504;0.0406086859293282;0.04880452109500766;99836
35.70711142779328;0.04092730605043471;0.053724195109680295;99876
35.8555405868683;0.040912355994805694;0.04688938311301172;99917
36.002978269942105;0.03993089310824871;0.049277498852461576;99958
36.150537446839735;0.04356896900571883;0.0464478088542819;99995
36.29903405578807;0.03848727513104677;0.04703194787725806;100032
36.4467160848435;0.03988189599476755;0.050331159960478544;100072
36.594158079940826;0.04189158300869167;0.04945134208537638;100112
36.745419528800994;0.04088941705413163;0.04973512585274875;100156
36.89377441583201;0.04001603415235877;0.04706644592806697;100200
37.045809452887625;0.04020465491339564;0.04939697193913162;100245
37.190964315785095;0.040080314967781305;0.04660085099749267;100286
37.35583401285112;0.04016185202635825;0.06337650609202683;100341
37.50740392599255;0.03961996710859239;0.050650933990255;100381
37.653839845908806;0.039993234910070896;0.04780610208399594;100421
37.82059860788286;0.0418234970420599;0.054158716928213835;100462
37.97107795998454;0.041038340888917446;0.0504074168857187;100503
38.115984356962144;0.04019732587039471;0.0449293099809438;100540
38.302005336852744;0.07758021890185773;0.04786684806458652;100580
38.45338124479167;0.042600435903295875;0.0481581159401685;100616
38.61139797791839;0.04033027612604201;0.055487788980826735;100657
38.77610740298405;0.04009198700077832;0.0638800379820168;100709
38.93166683497839;0.04054582817479968;0.05187480803579092;100750
39.07865840499289;0.04089252115227282;0.045624502934515476;100791
39.226692349882796;0.04098584409803152;0.04834539396688342;100831
39.38080009492114;0.041883309138938785;0.05173153290525079;100872
39.53055982198566;0.04218190792016685;0.047463407972827554;100909
39.674835229991004;0.03962583700194955;0.043537037912756205;100945
39.824511423008516;0.04377070092596114;0.04691887507215142;100985
39.98112212191336;0.044641535030677915;0.05053917085751891;101029
40.13541718898341;0.04278959706425667;0.052953552920371294;101070
40.288592555793;0.04102892009541392;0.053355760872364044;101107
40.4359444079455;0.03866511909291148;0.05027798097580671;101147
40.58299352694303;0.04009287594817579;0.04965195804834366;101187
40.74769656988792;0.04482936090789735;0.06249902909621596;101228
40.897867874009535;0.04169041593559086;0.04684075806289911;101265
41.05425653490238;0.04801154206506908;0.04747594194486737;101306
41.20479918085039;0.04298323323018849;0.04774128086864948;101343
41.384042501915246;0.04402946098707616;0.06418330199085176;101380
41.53960117092356;0.04116603499278426;0.046528019942343235;101420
41.715024697827175;0.05972420400939882;0.04981440003030002;101460
41.91786780091934;0.06795684201642871;0.06574415392242372;101520
42.080955039011315;0.048573137959465384;0.054429051000624895;101560
42.246313551906496;0.04468524712137878;0.05385043192654848;101601
42.419051077915356;0.04642773582600057;0.06365231913514435;101641
42.577844340819865;0.04052404104731977;0.05084511800669134;101681
42.721528819995;0.03952272003516555;0.04342053201980889;101718
42.87302467785776;0.043364607030525804;0.04749088897369802;101759
43.021751924883574;0.0403566739987582;0.04644793504849076;101799
43.16473850188777;0.039501735009253025;0.04492267896421254;101840
43.31664522388019;0.04162144102156162;0.04381778882816434;101877
43.46676022489555;0.0408305290620774;0.05190577497705817;101918
43.61765546398237;0.043794449884444475;0.04978588898666203;101959
43.7635669677984;0.04179709195159376;0.04575669998303056;102000
43.932054665870965;0.04263094300404191;0.06265436206012964;102041
44.08289834391326;0.044714103918522596;0.04737406619824469;102082
44.231284455861896;0.04156462592072785;0.04596835817210376;102119
44.38266442483291;0.04184053000062704;0.04971699812449515;102163
44.545545293949544;0.04285702691413462;0.05969163705594838;102203
44.69172220584005;0.0397295409347862;0.04558842699043453;102244
44.83864204981364;0.04005724098533392;0.04972482891753316;102284
44.98880818183534;0.04218653589487076;0.047096101101487875;102325
45.13665663986467;0.03931612707674503;0.049843809101730585;102366
45.31982551282272;0.04460975015535951;0.07959276996552944;102406
45.47156279999763;0.03902124403975904;0.05041434685699642;102442
45.62947133881971;0.04107859008945525;0.054012706968933344;102486
45.78786029596813;0.04376051505096257;0.05333652696572244;102527
45.93686870485544;0.03987638000398874;0.047912786016240716;102568
46.098459250992164;0.04979021102190018;0.05001376196742058;102609
46.25924721779302;0.053007536102086306;0.04674457898363471;102649
46.41696617286652;0.05041594593785703;0.04655329301021993;102693
46.57620042189956;0.0508923779707402;0.048879418056458235;102733
46.7844041318167;0.08474480803124607;0.05356208607554436;102773
46.95200512278825;0.054458966944366693;0.053687175968661904;102814
47.116288526915014;0.04907277110032737;0.05233651795424521;102854
47.26933733187616;0.04734691884368658;0.04551486298441887;102891
47.42565943300724;0.04535282915458083;0.04587082681246102;102927
47.59175085788593;0.05781993898563087;0.04959445889107883;102968
47.73737609479576;0.04030491691082716;0.045968862948939204;103009
47.88849452091381;0.04239953891374171;0.0458834080491215;103049
48.03292796900496;0.042243815027177334;0.04318453301675618;103085
48.182227790821344;0.04207880003377795;0.04552710801362991;103126
48.3517450618092;0.044353906996548176;0.06433664308860898;103186
48.507574640912935;0.04297220287844539;0.0486860831733793;103231
48.66432176879607;0.042574050137773156;0.04551929095759988;103272
48.83101094700396;0.04449952207505703;0.05970426299609244;103316
48.97810107981786;0.041819899110123515;0.04615654586814344;103353
49.1248678418342;0.041257397970184684;0.04547165893018246;103390
49.27347920788452;0.04117689421400428;0.04745580884627998;103430
49.43413258693181;0.041219621896743774;0.051284260116517544;103471
49.585859877988696;0.040569232078269124;0.05167688801884651;103512
49.773646890884265;0.04203166509978473;0.0483118558768183;103549
49.9291989558842;0.042036704951897264;0.05326608894392848;103593
50.08082673884928;0.042829310055822134;0.04616532102227211;103633
50.237312502926216;0.04245825111865997;0.05223935889080167;103673
50.3898882009089;0.0446153380908072;0.04861848591826856;103709
50.556606084806845;0.05283162998966873;0.04944341606460512;103750
50.719578691991046;0.04060898185707629;0.06214176304638386;103790
50.87007478880696;0.04115131497383118;0.04976309183984995;103830
51.02296372479759;0.04169495799578726;0.046554062981158495;103867
51.17266783094965;0.041811972158029675;0.04630882781930268;103908
51.32261206791736;0.041003746911883354;0.0480558960698545;103949
51.47414176398888;0.04101754096336663;0.050734723918139935;103993
51.62720159790479;0.040888485964387655;0.04946909402497113;104033
51.77705729100853;0.0421709050424397;0.04628988401964307;104070
51.93878816184588;0.04345447290688753;0.05744531913660467;104111
52.09663011482917;0.04504925990477204;0.05007433705031872;104152
52.25372929382138;0.04621503711678088;0.050253066001459956;104193
52.41290500201285;0.04188375314697623;0.057188985869288445;104233
52.572487205965444;0.044050097931176424;0.05575799313373864;104274
52.71847632690333;0.03983344999141991;0.045468409080058336;104314
52.86558807687834;0.04070351389236748;0.047600382938981056;104355
53.03850304801017;0.04166241199709475;0.07031027204357088;104395
53.190534594934434;0.03985558380372822;0.04911256302148104;104435
53.3417310079094;0.0400108159519732;0.050382517045363784;104479
53.493015113985166;0.03915498801507056;0.05266708694398403;104519
53.64390761498362;0.041491165990009904;0.04689864604733884;104559
53.7899176068604;0.040033475030213594;0.04626861587166786;104604
53.948094403836876;0.04341276199556887;0.053087624022737145;104648
54.107143878005445;0.04018092015758157;0.05821083695627749;104688
54.25651559792459;0.04004704602994025;0.04842404997907579;104732
54.40764392586425;0.03987773903645575;0.050114887999370694;104772
54.552862491924316;0.039912911830469966;0.043103503063321114;104808
54.699555560946465;0.03966528596356511;0.04703838215209544;104849
54.85695704491809;0.04073724499903619;0.055783516028895974;104890
55.01097841397859;0.039560102857649326;0.053888753056526184;104930
55.16477794479579;0.0404244449455291;0.05208344501443207;104970
55.319147725822404;0.04079058696515858;0.04781331494450569;105011
55.46799338492565;0.04278846783563495;0.04621810815297067;105047
55.659875814802945;0.07655236800201237;0.05419526784680784;105087
55.81743075395934;0.043325511971488595;0.0479810880497098;105127
55.971104447962716;0.03989493194967508;0.05251293792389333;105168
56.12720206100494;0.04401453910395503;0.046040410874411464;105204
56.2787174358964;0.04388610809110105;0.04745449009351432;105245
56.45287509378977;0.05344808008521795;0.059589290991425514;105290
56.605462851934135;0.04453188297338784;0.04722152091562748;105331
56.75330422678962;0.04185083182528615;0.045899861957877874;105367
56.908627069788054;0.040785752004012465;0.05015026009641588;105408
57.06158734485507;0.041398505913093686;0.05166188604198396;105448
57.21791898482479;0.0427859399933368;0.05312082404270768;105489
57.37436312995851;0.04090638901107013;0.05258279200643301;105529
57.535132680786774;0.04340894310735166;0.05505221989005804;105569
57.6909747379832;0.04062314215116203;0.048370294040068984;105609
57.84843071480282;0.04108455590903759;0.05257641803473234;105650
58.002662516897544;0.0403516530059278;0.0504720788449049;105690
58.15547845279798;0.04200108489021659;0.049258603947237134;105730
58.31401148880832;0.041084930999204516;0.05512791406363249;105766
58.4748302588705;0.042128624161705375;0.054132680874317884;105810
58.6260074370075;0.04085071408189833;0.04862630809657276;105847
58.78026474895887;0.04147131601348519;0.05205139610916376;105888
58.93501988891512;0.040847287978976965;0.05039070500060916;105932
59.082103037973866;0.04128281585872173;0.04617303516715765;105969
59.24023218988441;0.04242770606651902;0.05633265688084066;106010
59.4066138737835;0.04097717581316829;0.061810574028640985;106050
59.560768408933654;0.04170016595162451;0.050521692959591746;106094
59.71780718700029;0.04200626793317497;0.054234927985817194;106139
59.871495520928875;0.03981156297959387;0.05092405783943832;106180
60.02143581281416;0.039593805093318224;0.04871751391328871;106217
60.16946684895083;0.039803466061130166;0.04794370988383889;106253
60.31518884585239;0.039466359885409474;0.04679537215270102;106294
60.4670826329384;0.04141029482707381;0.050692231161519885;106331
60.623111879918724;0.03987187799066305;0.04981360910460353;106371
60.77317128982395;0.04089849512092769;0.04795821197330952;106407
60.92840883880854;0.041654082015156746;0.05195793090388179;106447
61.077516393968835;0.040218566078692675;0.04460493987426162;106484
61.25773883378133;0.04246799694374204;0.07219557184726;106525
61.410238998010755;0.039736232021823525;0.048280410934239626;106566
61.555929575813934;0.039742097025737166;0.04574503703042865;106606
61.70794979296625;0.042740413919091225;0.04367194417864084;106643
61.85678264382295;0.041004244005307555;0.04748991806991398;106684
62.00494831078686;0.04016497917473316;0.04512813896872103;106728
62.15500585990958;0.04073213110677898;0.04575982200913131;106764
62.31595646194182;0.04578727902844548;0.05375030590221286;106805
62.47098560980521;0.03965355292893946;0.0493676841724664;106845
62.638145519886166;0.0420896562281996;0.06411794293671846;106901
62.80014007096179;0.04473667498677969;0.05351671786047518;106942
62.9494730217848;0.03990218695253134;0.049538667080923915;106983
63.1030854890123;0.04018283705227077;0.0502695650793612;107024
63.25140865985304;0.04082394391298294;0.0459190821275115;107064
63.40244274586439;0.041632171953096986;0.04626120813190937;107104
63.55446728086099;0.04124684096314013;0.0498024239204824;107145
63.698810966918245;0.0409379459451884;0.042484465055167675;107181
63.86334271985106;0.041631646221503615;0.05927182384766638;107221
64.01093302480876;0.04035175614990294;0.04549843305721879;107262
64.1612659948878;0.042702382896095514;0.044348667142912745;107299
64.31779499491677;0.0424028760753572;0.05069260182790458;107336
64.48289199382998;0.040070743998512626;0.06126521504484117;107380
64.63702691183425;0.041227267822250724;0.05194304301403463;107421
64.79006481100805;0.03974319412373006;0.05108357686549425;107462
64.96437161881477;0.04261531587690115;0.06155394506640732;107499
65.11476063495502;0.039652551990002394;0.04917703103274107;107540
65.27973399497569;0.04008554108440876;0.0544476299546659;107584
65.4342379597947;0.03868593811057508;0.054040385875850916;107628
65.58578516892157;0.03965320298448205;0.049609401961788535;107669
65.74245583289303;0.04085930599831045;0.052385973976925015;107710
65.89810593891889;0.0404569199308753;0.05397515790537;107751
66.05105339200236;0.04283008514903486;0.0462853058706969;107787
66.20781926391646;0.04070912394672632;0.05504058510996401;107828
66.37939414684661;0.057922480860725045;0.051235524006187916;107868
66.5388020069804;0.03949318709783256;0.05497503187507391;107909
66.6884634308517;0.04031831887550652;0.04826370207592845;107950
66.84237246098928;0.042014464968815446;0.05014581303112209;107990
66.99638747097924;0.04126805393025279;0.050763946026563644;108030
67.15348141780123;0.043974961154162884;0.0463717479724437;108070
67.3086541199591;0.04027096298523247;0.05294006201438606;108110
67.45859330892563;0.04117761482484639;0.04838174115866423;108150
67.61078153084964;0.04046057700179517;0.045138909947127104;108194
67.76791119179688;0.04749510809779167;0.048182129859924316;108235
67.91752788983285;0.041431867983192205;0.046173138078302145;108272
68.07302539795637;0.04066581092774868;0.05343635007739067;108312
68.23186059086584;0.04348237789236009;0.04856063215993345;108356
68.39229324180633;0.04163245391100645;0.05644721211865544;108397
68.54760920978151;0.04043221799656749;0.04929405311122537;108441
68.70457413094118;0.04152830201201141;0.0477566400077194;108482
68.85932828695513;0.04123559407889843;0.05130342207849026;108523
69.01153962989338;0.039986264891922474;0.04982525296509266;108564
69.16537685180083;0.039406408090144396;0.04908745386637747;108608
69.31548912799917;0.0394559761043638;0.04930014698766172;108649
69.46980368089862;0.04369459021836519;0.047811799915507436;108690
69.6376677788794;0.040381406201049685;0.06242781598120928;108746
69.79326153895818;0.04151749797165394;0.05316150397993624;108791
69.94885339890607;0.03940846398472786;0.05484496895223856;108832
70.10287773492746;0.03963830508291721;0.051073804032057524;108873
70.25770265096799;0.04223904409445822;0.05025316798128188;108913
70.40725447097793;0.04165543685667217;0.04781206417828798;108950
70.56920896586962;0.04253646288998425;0.05274339206516743;108990
70.72231554193422;0.042509068036451936;0.04989013308659196;109030
70.88534832280129;0.04192040814086795;0.053799432003870606;109070
71.04893234698102;0.047732730861753225;0.05332340905442834;109111
71.20532418694347;0.04565708618611097;0.04862433695234358;109151
71.36619948293082;0.04051226703450084;0.05592343397438526;109196
71.52181789185852;0.04112195293419063;0.047669283114373684;109237
71.67999314097688;0.04315286595374346;0.05335502699017525;109278
71.83172677294351;0.04130406188778579;0.047705050092190504;109318
71.98337014997378;0.0396249289624393;0.04793953197076917;109355
72.14341148780659;0.043382326140999794;0.05020636389963329;109396
72.3032634188421;0.04025148996151984;0.05614346987567842;109440
72.46355174086057;0.0405086490791291;0.051595920929685235;109484
72.61684000585228;0.04008961096405983;0.05038066511042416;109528
72.77707409393042;0.042937529971823096;0.05421625985763967;109569
72.96638257196173;0.07651643385179341;0.04875578195787966;109609
73.125862441957;0.04361967393197119;0.05362328700721264;109650
73.28676841896959;0.04267774010077119;0.05380940600298345;109691
73.44531852495857;0.041175912134349346;0.05408517294563353;109731
73.59808227792382;0.04124883795157075;0.0475885400082916;109772
73.75240746396594;0.04128488712012768;0.050249480875208974;109812
73.91694780392572;0.04753147414885461;0.04738118685781956;109852
74.06908178282902;0.041336927097290754;0.047819962026551366;109889
74.22154250997119;0.040843019960448146;0.04592281300574541;109933
74.37221605889499;0.03983998904004693;0.04835451394319534;109974
74.52892844495364;0.03944091312587261;0.05207582307048142;110014
74.67820126796141;0.040079066064208746;0.04772393312305212;110050
74.83601665496826;0.04530950402840972;0.049574000062420964;110091
74.99284835695289;0.040942829102277756;0.050669769989326596;110131
75.14191946201026;0.042073492892086506;0.042640333995223045;110168
75.30861662188545;0.04280079109594226;0.05577732599340379;110209
75.46739499899559;0.045067458879202604;0.04970321501605213;110253
75.62389756483026;0.04149563191458583;0.049807039089500904;110301
75.78127268399112;0.04353665211237967;0.048513623885810375;110341
75.95677813678049;0.06253005913458765;0.050043747993186116;110382
76.11432600091211;0.042823210125789046;0.047592336079105735;110419
76.27866740291938;0.0480825318954885;0.04874647199176252;110459
76.43309631990269;0.041295767994597554;0.04993965686298907;110499
76.59802882000804;0.047404282027855515;0.049405455123633146;110540
76.75713609787636;0.04199675400741398;0.049585490953177214;110577
76.90849990281276;0.04087958391755819;0.04563554818741977;110613
77.07117957994342;0.040551390033215284;0.054962218971922994;110657
77.22230418492109;0.040810377802699804;0.045384822180494666;110693
77.39931906294078;0.04176892410032451;0.05130068794824183;110734
77.55384315084666;0.04039848502725363;0.05324103916063905;110779
77.7053203578107;0.03978039603680372;0.04713224992156029;110820
77.86037116800435;0.04001804091967642;0.051443833159282804;110861
78.0149650319945;0.03951970883645117;0.05166620621457696;110905
78.16368700680323;0.04275937890633941;0.04258939391002059;110942
78.31680256896652;0.04253517999313772;0.04670084500685334;110979
78.46963289985433;0.04016719199717045;0.05043595004826784;111020
78.6206266968511;0.0400504048448056;0.046988410176709294;111061
78.7820722439792;0.04040443687699735;0.05361874704249203;111102
78.95086311385967;0.04115691198967397;0.06450321897864342;111139
79.1014503207989;0.04196361103095114;0.04646043898537755;111180
79.2531744998414;0.04031470604240894;0.045943169854581356;111221
79.40963828982785;0.04082803102210164;0.05066672200337052;111261
79.568847742863;0.04605063609778881;0.047418765956535935;111301
79.72351896995679;0.04132851795293391;0.0489108560141176;111341
79.87718432792462;0.04071523388847709;0.04745047097094357;111382
80.03177383798175;0.042800432071089745;0.04987085494212806;111422
80.18226758996025;0.03947364608757198;0.049166125943884254;111463
80.33897615480237;0.04022753890603781;0.05393870803527534;111507
80.49463648791425;0.040865889051929116;0.052517947973683476;111548
80.64321526582353;0.03940459107980132;0.045563916908577085;111585
80.8004389340058;0.04128337698057294;0.05379842105321586;111626
80.94890837394632;0.03920504217967391;0.04402999999001622;111663
81.10026429896243;0.04066178691573441;0.045543884159997106;111704
81.25829024496488;0.04132387298159301;0.04995716502889991;111745
81.42610412300564;0.04495194903574884;0.05932004610076547;111786
81.57910913578235;0.0407030931673944;0.04551980481483042;111822
81.7367583999876;0.04443294485099614;0.04840499511919916;111863
81.88643000181764;0.04082136182114482;0.04231313499622047;111900
82.03826507483609;0.039313331013545394;0.04921226715669036;111941
82.19851075788029;0.03965592500753701;0.05687574599869549;111981
82.35309176100418;0.04077477380633354;0.048649481032043695;112017
82.51182171190158;0.039693577913567424;0.05439971201121807;112058
82.67323429090902;0.03939856821671128;0.05253300489857793;112098
82.82468887092546;0.03988745994865894;0.04725254909135401;112138
82.97717161593027;0.03971738717518747;0.049599672900512815;112178
83.12889459379949;0.039875454967841506;0.04570705606602132;112219
83.2801619078964;0.03966549504548311;0.04679685295559466;112259
83.43534573889337;0.04414688493125141;0.046601854963228106;112299
83.58484555478208;0.04106254386715591;0.04588672309182584;112339
83.73546890798025;0.04041836899705231;0.045235171215608716;112379
83.8846534928307;0.040566193871200085;0.04225485911592841;112415
84.03930487297475;0.04145061899907887;0.049817748134955764;112452
84.19333647680469;0.03986232215538621;0.051223332062363625;112496
84.3471904208418;0.041275213938206434;0.04480879497714341;112532
84.50308510079049;0.03984939190559089;0.0506162999663502;112573
84.65711438190192;0.040220313938334584;0.049288402078673244;112610
84.81007089093328;0.04098232998512685;0.046109164133667946;112650
84.96516500483267;0.04177085496485233;0.049589321948587894;112687
85.12677704798989;0.04404439311474562;0.05340896500274539;112728
85.28852282487787;0.04037300497293472;0.047997997142374516;112769
85.44919469789602;0.039327346021309495;0.05585695197805762;112810
85.59890158078633;0.03944156412035227;0.04527545487508178;112847
85.76648920984007;0.050656733103096485;0.052430224837735295;112888
85.92116900696419;0.03988880314864218;0.049146267818287015;112929
86.06894782092422;0.03961455193348229;0.042818472953513265;112966
86.22101723379456;0.04015148291364312;0.04668158106505871;113007
86.37945110187866;0.04107266594655812;0.05183002003468573;113048
86.53478058287874;0.039420580957084894;0.05108948308043182;113089
86.69309364398941;0.041507483925670385;0.05195454997010529;113130
86.85607562679797;0.04376736399717629;0.050756045849993825;113171
87.01250807382166;0.04145375010557473;0.0519468339625746;113208
87.17437728191726;0.043155947932973504;0.05262059601955116;113248
87.33059828192927;0.04173874203115702;0.05102762393653393;113288
87.49444598285481;0.042508748127147555;0.054887479869648814;113329
87.6479226979427;0.040914746932685375;0.04907708102837205;113370
87.80627623293549;0.04218538920395076;0.049322646809741855;113410
87.96716368594207;0.04062458919361234;0.0547313429415226;113451
88.12167642987333;0.04024841287173331;0.04829891095869243;113491
88.27889873692766;0.0421936500351876;0.04424357903189957;113532
88.43211758183315;0.040330544114112854;0.048232836881652474;113569
88.59016361483373;0.04227204411290586;0.049680904019623995;113606
88.74575180490501;0.039979809895157814;0.049435178050771356;113642
88.90199098782614;0.04146528407000005;0.0474545550532639;113683
89.05533921997994;0.038750396808609366;0.05072495620697737;113724
89.21900575095788;0.04098763200454414;0.05838986299932003;113765
89.3787378789857;0.040222855983302;0.054999345913529396;113806
89.53973710397258;0.042332734912633896;0.05076300399377942;113846
89.69713718583807;0.039649480022490025;0.05305137182585895;113886
89.85267019295134;0.04134143702685833;0.04956735111773014;113927
90.03622117894702;0.04065803415142;0.04537740582600236;113967
90.18751444295049;0.04046843387186527;0.04660149407573044;114003
90.35556083801202;0.04551183106377721;0.05535587784834206;114044
90.5129035927821;0.03994142496958375;0.05231829499825835;114080
90.67081759683788;0.04167728801257908;0.051569916075095534;114121
90.83715762081556;0.04093815106898546;0.05907685402780771;114161
90.99154887790792;0.04000407410785556;0.04901829711161554;114197
91.14423831389286;0.04119152692146599;0.046357967890799046;114237
91.32239993778057;0.060170396929606795;0.050223989179357886;114278
91.48940091696568;0.05150116514414549;0.04991593095473945;114318
91.65650362987071;0.05019155191257596;0.052532549016177654;114362
91.82595892599784;0.05302905407734215;0.04848144203424454;114406
92.03271935880184;0.09461892582476139;0.044301771093159914;114442
92.19647663482465;0.049397408962249756;0.05020271614193916;114482
92.361746259965;0.05039187613874674;0.04795449995435774;114518
92.52657504985109;0.04730691900476813;0.04891726607456803;114559
92.70272278995253;0.04615817801095545;0.048044902039691806;114600
92.86280716396868;0.04562650993466377;0.05028712213970721;114641
93.02220847387798;0.04632467683404684;0.04695148300379515;114677
93.18652454181574;0.05328063596971333;0.04551465902477503;114717
93.35017682192847;0.047679474111646414;0.052000259049236774;114754
93.5039758097846;0.04540146188810468;0.04294294700957835;114791
93.67265249183401;0.04747022897936404;0.05253827106207609;114835
93.84799950593151;0.04783135303296149;0.06062446185387671;114876
94.00945270783268;0.046535658882930875;0.050304408185184;114916
94.1764815559145;0.048949495889246464;0.04977998905815184;114957
94.33889151690528;0.048974335892125964;0.04956196015700698;114998
94.51091531687416;0.0488325790502131;0.05143570783548057;115039
94.66613380378112;0.046866185031831264;0.042340629966929555;115076
94.82921707583591;0.048116360092535615;0.046911816112697124;115117
94.98919133492745;0.04826406785286963;0.04684794205240905;115161
95.15149876801297;0.04575676191598177;0.050188150024041533;115205
95.30935573088937;0.0461203521117568;0.04511580592952669;115246
95.46957530081272;0.04762222501449287;0.048785833874717355;115286
95.63037732895464;0.046720442129299045;0.04569881805218756;115327
95.79456769791432;0.0472868790384382;0.05356458597816527;115368
95.95382647798397;0.049601451959460974;0.045016566989943385;115408
96.115410461789;0.04767657583579421;0.04764904803596437;115452
96.27618530695327;0.050179480109363794;0.04533923394046724;115492
96.43836303800344;0.047156556975096464;0.04987340094521642;115532
96.60039932094514;0.04619869706220925;0.04562008799985051;115572
96.76343804597855;0.04930317308753729;0.04705635202117264;115612
96.9205987828318;0.04517268296331167;0.04395975195802748;115653
97.09118501888588;0.04601059597916901;0.05811250698752701;115694
97.25107119884342;0.04573558294214308;0.046745578991249204;115734
97.41834785393439;0.04860955011099577;0.04645651299506426;115770
97.57404385297559;0.046766126062721014;0.04305850900709629;115806
97.7414982188493;0.04983345977962017;0.05166262900456786;115846
97.91241907398216;0.045700023183599114;0.05673397588543594;115887
98.07460321579129;0.04394435905851424;0.05166868888773024;115928
98.23767576389946;0.04835658706724644;0.04799607000313699;115969
98.39884688798338;0.0446525861043483;0.045936287846416235;116009
98.55354553484358;0.043526204070076346;0.04676870699040592;116046
98.7122080589179;0.043558549135923386;0.049360605888068676;116082
98.86987792886794;0.04368878691457212;0.047787841176614165;116123
99.02472311700694;0.043983153998851776;0.0472925640642643;116164
99.17984735686332;0.043552210088819265;0.04717532289214432;116204
99.36917477683164;0.07509743818081915;0.049877919955179095;116245
99.55812918278389;0.07677497179247439;0.04472084902226925;116285
99.72090499894693;0.04638992715626955;0.051249036798253655;116326
99.87854092684574;0.0435621440410614;0.04907189682126045;116362
100.03131790086627;0.0422629090026021;0.04650281905196607;116398
100.18750049779192;0.04324228106997907;0.04754540789872408;116435
100.35235477378592;0.043918607058003545;0.054324642987921834;116472
100.51145405694842;0.04298054496757686;0.04940019594505429;116513
100.66503818682395;0.04344431101344526;0.04267776105552912;116550
100.82203443488106;0.04389719292521477;0.04772674012929201;116591
100.97938428400084;0.04305559303611517;0.046798879047855735;116632
101.13449396984652;0.04295852710492909;0.04752714396454394;116672
101.28703958378173;0.04268765915185213;0.04397867899388075;116713
101.44983054697514;0.045598060823976994;0.049160377122461796;116753
101.60563282994553;0.04322491120547056;0.04696154594421387;116790
101.76457590796053;0.04482778115198016;0.04725874401628971;116830
101.92080052592792;0.042292170925065875;0.049078578129410744;116871
102.08009505993687;0.04318793211132288;0.04878429090604186;116912
102.24344775499776;0.04537038807757199;0.051571718882769346;116949
102.40560358995572;0.04402471799403429;0.053205405129119754;116990
102.56539044179954;0.04369395598769188;0.04835527390241623;117035
102.73701788391918;0.043650958919897676;0.058695715153589845;117076
102.90752823790535;0.04220387386158109;0.06245508207939565;117117
103.06745780981146;0.043671353021636605;0.047701504081487656;117161
103.22925924300216;0.047302189050242305;0.049838892882689834;117205
103.3910630478058;0.043137453962117434;0.05069069005548954;117246
103.55616301484406;0.04457722790539265;0.05188575806096196;117287
103.7282119540032;0.05563566694036126;0.04874520585872233;117328
103.90540318796411;0.05427181790582836;0.056814488023519516;117369
104.06560729187913;0.04269944503903389;0.049889315851032734;117410
104.22591709997505;0.044010830111801624;0.04913629498332739;117451
104.38648717291653;0.0436141740065068;0.05000636982731521;117487
104.55482573597692;0.04803698998875916;0.05149432993493974;117528
104.72158550587483;0.04958033305592835;0.04877923708409071;117569
104.88203574786894;0.04375252313911915;0.04892937280237675;117610
105.04294136096723;0.04519928200170398;0.04670954798348248;117646
105.19859113986604;0.04248035605996847;0.04689546092413366;117690
105.35866701579653;0.04338894202373922;0.04797531012445688;117731
105.51585411396809;0.043339849915355444;0.04612059099599719;117767
105.6798147559166;0.04466428607702255;0.053140688920393586;117807
105.84938220400363;0.04874326498247683;0.05474640196189284;117848
106.0216733829584;0.04379072692245245;0.0574311341624707;117888
106.18826473178342;0.04386066598817706;0.05004969798028469;117929
106.35032147285528;0.04573166696354747;0.05029311403632164;117969
106.50964424479753;0.042040758999064565;0.049637445947155356;118009
106.67156853480265;0.043121106224134564;0.052145782858133316;118054
106.84263243782334;0.048560194903984666;0.04926459095440805;118094
106.99473215080798;0.042826731922104955;0.042087120935320854;118131
107.15841264580376;0.04086963506415486;0.05674419505521655;118172
107.31568226683885;0.04172614309936762;0.04803795996122062;118216
107.47925035096705;0.04801254905760288;0.050757613964378834;118256
107.65238898387179;0.042231126921251416;0.06500342208892107;118297
107.81819886993617;0.04180062492378056;0.05557648092508316;118341
107.99279058189131;0.05524763208813965;0.054713740944862366;118381
108.15233384398744;0.041409676894545555;0.05281158699654043;118421
108.31197821698152;0.03991950605995953;0.05337572796270251;118457
108.47369387280196;0.042402727995067835;0.0533218109048903;118497
108.6495816828683;0.044799065915867686;0.06209156010299921;118537
108.81405159481801;0.04204483306966722;0.054997703060507774;118578
108.97894393885508;0.04118541209027171;0.05489781289361417;118619
109.13959213090129;0.04018826805986464;0.05245581595227122;118659
109.30573116894811;0.04139259806834161;0.05891970498487353;118700
109.46261182893068;0.043886084109544754;0.04817258892580867;118737
109.62262481893413;0.041018913965672255;0.050749917048960924;118777
109.78110033390112;0.04102440900169313;0.05211658705957234;118817
109.93996510398574;0.04129285318776965;0.04872819781303406;118854
110.09749196888879;0.042254874017089605;0.048306480050086975;118895
110.25874129589647;0.042824574979022145;0.049900423968210816;118939
110.42140008881688;0.04423404694534838;0.050345614086836576;118980
110.58046864788048;0.04054376995190978;0.05239990912377834;119021
110.74275785987265;0.04248338798061013;0.04990345588885248;119061
110.89966466790065;0.04085311712697148;0.0490774258505553;119105
111.05377010791562;0.04147660196758807;0.045345124090090394;119141
111.2065369519405;0.04151784908026457;0.04503758205100894;119181
111.36448628292419;0.04191298596560955;0.04778714384883642;119222
111.52597879595123;0.04076606803573668;0.045900871977210045;119258
111.68142727878876;0.041839192155748606;0.04438432585448027;119298
111.83839938091114;0.042327408911660314;0.04857563297264278;119339
111.99609143985435;0.04075800790451467;0.04878615005873144;119379
112.16038109990768;0.04287732904776931;0.04852468310855329;119419
112.32042833394371;0.04158677882514894;0.050511299166828394;119459
112.47873590281233;0.04110514814965427;0.050397102953866124;119499
112.63398976391181;0.04055945691652596;0.04625896690413356;119540
112.79585816478357;0.043097340036183596;0.05112715903669596;119580
112.95074796886183;0.04168872605077922;0.04487606603652239;119617
113.1037220119033;0.03966215392574668;0.047314995899796486;119658
113.26367773488164;0.04131483705714345;0.04770146496593952;119699
113.42533079790883;0.04305508313700557;0.04884666600264609;119739
113.59275132790208;0.040100615937262774;0.05270603997632861;119779
113.75136960600503;0.04082355205900967;0.04892432410269976;119820
113.91421467391774;0.04318571393378079;0.052219805074855685;119861
114.09000441688113;0.04169336287304759;0.05823635798878968;119902
114.27127384999767;0.04097285098396242;0.0636974039953202;119942
114.43744733696803;0.040225032018497586;0.05055189598351717;119983
114.59541959897615;0.03980880789458752;0.0482363139744848;120024
114.75455974484794;0.04191217990592122;0.046813707100227475;120065
114.91278126486577;0.04270295985043049;0.048115942161530256;120109
115.08129782089964;0.045984318014234304;0.05302613298408687;120150
115.23972735600546;0.04019386391155422;0.050816768081858754;120191
115.40041983383708;0.042649757815524936;0.05125558911822736;120231
115.55742677301168;0.04166509700007737;0.04608421307057142;120272
115.71384899294935;0.043783029075711966;0.04670898802578449;120309
115.87107863579877;0.041537825018167496;0.04650042694993317;120345
116.02915971190669;0.04071567696519196;0.04811920505017042;120386
116.18404815881513;0.040671332040801644;0.04391691298224032;120423
116.3469404168427;0.04287827596999705;0.05397016415372491;120463
116.50968250096776;0.04121496109291911;0.04981563985347748;120504
116.66620070091449;0.04230625694617629;0.04792030202224851;120545
116.8226549748797;0.04171006800606847;0.048180843936279416;120586
116.9792339829728;0.04157026298344135;0.045296665048226714;120622
117.13876901590265;0.041652126936241984;0.04960844502784312;120659
117.3035574669484;0.04103978397324681;0.05247536697424948;120699
117.50073783379048;0.07569206110201776;0.0510674228426069;120740
117.65800730581395;0.04254973120987415;0.048530237982049584;120781
117.83696154481731;0.055126726161688566;0.056211323011666536;120826
117.99693375593051;0.04185450100339949;0.049443861935287714;120867
118.16082719387487;0.0431086050812155;0.04882894898764789;120903
118.31850944692269;0.04111703112721443;0.04753475706093013;120940
118.47671100497246;0.041334145003929734;0.04905137699097395;120981
118.63862238801084;0.0407775470521301;0.051710110856220126;121021
118.80163782183081;0.04219737113453448;0.05022600991651416;121061
118.96012505679391;0.04028334701433778;0.051003041910007596;121101
119.13045413885266;0.0410550229717046;0.05990553507581353;121141
119.29970264295116;0.041085643926635385;0.05857811402529478;121186
119.45666586281732;0.044207603903487325;0.04273385205306113;121222
119.60846829786897;0.04039969388395548;0.04469679715111852;121262
119.76455787289888;0.041502021020278335;0.04518812708556652;121299
119.91832343791611;0.04032098385505378;0.04609329393133521;121339
120.07681287196465;0.04248838685452938;0.046210190979763865;121380
120.23515350488015;0.040699484990909696;0.04941516206599772;121420
120.39573508687317;0.04122954607009888;0.04174162307754159;121456
120.5543049199041;0.04058219911530614;0.05167950899340212;121497
120.7192090509925;0.03890468110330403;0.046044830000028014;121534
120.89201014395803;0.04248986695893109;0.06323732109740376;121575
121.05045316996984;0.0389121409971267;0.0493725910782814;121612
121.21592163993046;0.04227822204120457;0.05668409587815404;121653
121.37821383890696;0.04036248102784157;0.052628494100645185;121693
121.54593778587878;0.04065685998648405;0.055640269070863724;121741
121.70759111782536;0.042709233006462455;0.05049289297312498;121782
121.86863468680531;0.03997581615112722;0.053082844940945506;121822
122.02841403079219;0.04050836409442127;0.04906572191976011;121863
122.18425197782926;0.04054669686593115;0.04784736200235784;121900
122.33749286597595;0.03911911998875439;0.04706960008479655;121936
122.50644906191155;0.03910572384484112;0.052928158082067966;121976
122.66341381985694;0.03949336986988783;0.051314315060153604;122016
122.8233812758699;0.040356052108109;0.051590539049357176;122057
122.98721840395592;0.042864480055868626;0.05323210405185819;122097
123.14451141888276;0.03976946813054383;0.050082830945029855;122137
123.31117381784134;0.03903525206260383;0.05915937712416053;122181
123.46974878292531;0.041612929897382855;0.0490902541205287;122218
123.62925907596946;0.03970551211386919;0.04934125579893589;122259
123.78644219087437;0.040003755828365684;0.04965912410989404;122299
123.94966815481894;0.041429247008636594;0.05217847297899425;122339
124.11148642282933;0.04210012103430927;0.049547973088920116;122379
124.27179674478248;0.04196993401274085;0.05041739414446056;122420
124.43145498284139;0.04149724682793021;0.04908802011050284;122460
124.59126801183447;0.041722858091816306;0.04669155506417155;122497
124.76348852692172;0.044936567079275846;0.05971674504689872;122538
124.92473073792644;0.04167507495731115;0.0501535281073302;122574
125.08664919785224;0.04328892915509641;0.05067471391521394;122615
125.26042054686695;0.04081553895957768;0.05941917793825269;122656
125.41962868301198;0.040996195981279016;0.04652740200981498;122697
125.57512721582316;0.03927984484471381;0.0494336171541363;122737
125.74076351779513;0.04067428014241159;0.05616060202009976;122778
125.91282552597113;0.04000204708427191;0.04900795593857765;122818
126.07012803596444;0.04074420011602342;0.04748169402591884;122855
126.22672737995163;0.039489088114351034;0.050267261918634176;122891
126.39149777591228;0.04198071104474366;0.0512456230353564;122931
126.55313622998074;0.044409275986254215;0.048833228182047606;122971
126.71447453089058;0.041534571908414364;0.05076783802360296;123015
126.88184211682528;0.041474168887361884;0.05120185203850269;123056
127.0428631529212;0.04162579099647701;0.05114276800304651;123100
127.20571802882478;0.04311806592158973;0.05157099198549986;123140
127.36386422696523;0.042063544038683176;0.045002429047599435;123181
127.52208108780906;0.04192324494943023;0.047726843040436506;123218
127.67549087293446;0.04060257482342422;0.04573438107036054;123258
127.83937626495026;0.04415885801427066;0.048286568839102983;123295
127.99320122087374;0.04143912997096777;0.04423929611220956;123332
128.14968522195704;0.0400097940582782;0.04783267597667873;123369
128.33851238689385;0.06196335586719215;0.055264990078285336;123409
128.4967844497878;0.04160637687891722;0.04869617009535432;123450
128.65315941884182;0.03988816705532372;0.04914438887499273;123486
128.81981631391682;0.04253851901739836;0.05172383296303451;123527
128.97841818490997;0.039975738152861595;0.04803451197221875;123568
129.13666576193646;0.04018597397953272;0.048420171020552516;123605
129.3020370597951;0.0392724450211972;0.05123653286136687;123646
129.4613874789793;0.04091272898949683;0.050424087792634964;123687
129.62448578700423;0.04107111296616495;0.050393495010212064;123731
129.78367495094426;0.039701116969808936;0.05197867192327976;123767
129.9429721548222;0.039558209013193846;0.04815410706214607;123807
130.10309923882596;0.04387271706946194;0.04824927099980414;123848
130.26474013389088;0.039986050920560956;0.05202399310655892;123889
130.42536340886727;0.04119621613062918;0.047251828014850616;123930
130.58442727383226;0.042026800801977515;0.0487222601659596;123967
130.7508135489188;0.04175229696556926;0.05339995911344886;124007
130.9156735627912;0.041050546104088426;0.053163104923442006;124048
131.0786768568214;0.04468277096748352;0.04687504610046744;124084
131.2359261678066;0.04195684194564819;0.04672671505250037;124125
131.40560684190132;0.040218540001660585;0.05329702189192176;124169
131.562450413825;0.04165555885992944;0.04510873695835471;124209
131.71963567798957;0.040904538007453084;0.044368511997163296;124245
131.8785855679307;0.04386144201271236;0.046091188909485936;124286
132.04395268997177;0.04237663117237389;0.045411397935822606;124326
132.19926576782018;0.04248582501895726;0.0439805150963366;124363
132.36931157694198;0.0428157199639827;0.053482061019167304;124408
132.52777088596486;0.041341364150866866;0.04544133390299976;124448
132.690729244845;0.04029713594354689;0.05408679600805044;124489
132.8570334308315;0.040703241946175694;0.05342403310351074;124529
133.01830363390036;0.040491768857464194;0.053003784036263824;124569
133.17221490782686;0.04014306399039924;0.046415173914283514;124606
133.33646568190306;0.04213844006881118;0.05079929810017347;124650
133.49572476395406;0.04133555805310607;0.050160235026851296;124691
133.66098667494953;0.043516506906598806;0.053437751019373536;124731
133.84712863294408;0.04994957405142486;0.06300551700405777;124767
134.0051835537888;0.040290003875270486;0.04763472196646035;124803
134.1622693859972;0.03903874522075057;0.049882974941283464;124844
134.3385001628194;0.0481662480160594;0.058461148058995605;124884
134.50272615696304;0.04105619806796312;0.05234367889352143;124925
134.66590097593144;0.04013673705048859;0.053631903836503625;124966
134.83543475996703;0.05021276487968862;0.0489296461455524;125007
134.9940286600031;0.04307037009857595;0.046371717005968094;125043
135.15058461087756;0.0406405390240252;0.04799063806422055;125080
135.31839435594156;0.03935189708136022;0.05673387600108981;125120
135.51388982194476;0.07637356710620224;0.04731775587424636;125157
135.6767732729204;0.0423971910495311;0.05082125496119261;125198
135.83387168194167;0.04132846696302295;0.04781630891375244;125234
135.99817072995938;0.04178874706849456;0.05160787794739008;125278
136.16240246384405;0.041159722954034805;0.0509858219884336;125319
136.33098964300007;0.04039446008391678;0.05955307581461966;125355
136.50098198698834;0.05058615584857762;0.04695822414942086;125396
136.6662163748406;0.051514059072360396;0.047371235908940434;125436
136.8368364048656;0.04911562381312251;0.04944009706377983;125477
137.00773994484916;0.05107606598176062;0.05044522788375616;125518
137.19009893597104;0.06182629312388599;0.05171028687618673;125562
137.3615932278335;0.0492474848870188;0.05189010500907898;125602
137.56002798583359;0.08037814497947693;0.046841796953231096;125643
137.73924962780438;0.05329573713243008;0.047799268970265985;125683
137.90595321101137;0.04769844003021717;0.04931950103491545;125724
138.07759640086442;0.04616614500992;0.05006043193861842;125765
138.24489651992917;0.049121213145554066;0.044347704853862524;125802
138.41299611097202;0.046276518842205405;0.05083847604691982;125842
138.57733713882044;0.045935985166579485;0.04817429184913635;125883
138.73920445283875;0.04549634107388556;0.04506084299646318;125920
138.91305816895328;0.045422388007864356;0.05960973794572055;125961
139.07663040584885;0.04615349695086479;0.04802838200703263;125997
139.24611880700104;0.045827731024473906;0.04790805093944073;126034
139.40918555483222;0.0481826551258564;0.045750112971290946;126070
139.5735911198426;0.04475837689824402;0.04772721603512764;126111
139.74404322984628;0.04671997483819723;0.05396890011616051;126159
139.91509362496436;0.04467457509599626;0.052748532965779305;126200
140.07690680096857;0.04589488380588591;0.045767788076773286;126237
140.24523011478595;0.04693505703471601;0.047073991037905216;126274
140.412401025882;0.045251826057210565;0.05013731401413679;126314
140.57071317685768;0.04431009409017861;0.04356373683549464;126350
140.7343894909136;0.04546315409243107;0.04665260505862534;126390
140.90312472195365;0.048413984943181276;0.04694374208338559;126427
141.07605965295807;0.044703656109049916;0.058342694072052836;126468
141.2435036499519;0.04924095794558525;0.04503517714329064;126508
141.4074805257842;0.0460715361405164;0.044029944809153676;126545
141.57563915196806;0.04439455014653504;0.05187678895890713;126586
141.74462642986327;0.04575211089104414;0.05264319502748549;126627
141.91135658998974;0.04290012386627495;0.050889841048046947;126664
142.07544213882647;0.04397276882082224;0.0494006231892854;126704
142.24325182195753;0.046012261882424355;0.05028039403259754;126748
142.4122518459335;0.045807306887581944;0.04982080101035535;126784
142.585942117963;0.045393558917567134;0.05184747511520982;126825
142.74791600299068;0.04332394199445844;0.04635865008458495;126866
142.91640301886946;0.044781339121982455;0.04856844083406031;126907
143.08684815489687;0.05079351901076734;0.04643613216467202;126948
143.26132932398468;0.04768737801350653;0.05542259989306331;126989
143.43409414985217;0.04494216199964285;0.05542741483077407;127033
143.5988452108577;0.04466162994503975;0.0470318291336298;127073
143.7827173639089;0.060086913872510195;0.05150410090573132;127113
143.94165164697915;0.04069929686374962;0.046995940152555704;127149
144.11239932989702;0.04223970207385719;0.053115602815523744;127190
144.28320180578157;0.04514696286059916;0.054864484118297696;127230
144.44420193089172;0.04189099604263902;0.04743204894475639;127271
144.60599810094573;0.04292799299582839;0.04734824784100056;127312
144.7658697408624;0.04379749787040055;0.044394927099347115;127349
144.9325720318593;0.04500997718423605;0.051113914931192994;127390
145.09515668079257;0.04172485903836787;0.050402302062138915;127430
145.25942565896548;0.04154264694079757;0.05194104393012822;127467
145.42237153998576;0.04345707385800779;0.049587266985327005;127508
145.58529208390974;0.041647572070360184;0.04790233192034066;127544
145.74964032392018;0.04173308005556464;0.048772373935207725;127584
145.90694389282726;0.041575856041163206;0.04437528783455491;127620
146.07350725284778;0.0451610020827502;0.048558613983914256;127657
146.22854315000586;0.04120931588113308;0.04458368010818958;127694
146.39386153989471;0.042001236928626895;0.04976100102066994;127735
146.5490298748482;0.038738306146115065;0.046410935930907726;127776
146.71298978594132;0.043272248934954405;0.050098323030397296;127817
146.8761300649494;0.0402217460796237;0.051169791957363486;127858
147.04061594884843;0.0408583979588002;0.05319836316630244;127898
147.20841926895082;0.04461121908389032;0.049995495937764645;127939
147.36990314885043;0.04139030887745321;0.049174875020980835;127980
147.5300372049678;0.041344680124893785;0.04633066197857261;128017
147.68609796790406;0.04034546599723399;0.04663621890358627;128057
147.85263827978633;0.0412368921097368;0.053112637950107455;128098
148.02026922395453;0.040510032093152404;0.05748535203747451;128138
148.18232218385674;0.03920648409985006;0.05161323584616184;128179
148.34099938580766;0.04083140497095883;0.04828646802343428;128219
148.51478263596073;0.04279576102271676;0.06137889693491161;128260
148.68750358000398;0.039755224948748946;0.06081767217256129;128304
148.86249528895132;0.043659505899995565;0.058559478959068656;128345
149.02372829895467;0.039967337157577276;0.05211670487187803;128386
149.18959126994014;0.03948384989053011;0.05360420607030392;128427
149.34755095886067;0.04156244802288711;0.04664580710232258;128464
149.53438387881033;0.041388629004359245;0.07359875203110278;128505
149.69563181092963;0.04138215817511082;0.04969762382097542;128545
149.8601126819849;0.042343668173998594;0.04886887385509908;128582
150.04015538096428;0.04295460996218026;0.04911895398981869;128618
150.20078573096544;0.04070141399279237;0.0455262609757483;128654
150.37333584879525;0.04697427898645401;0.051808193093165755;128695
150.53335053892806;0.04049775400198996;0.047343348152935505;128736
150.70708975289017;0.040538504952564836;0.060718363150954247;128773
150.8713668358978;0.04163693799637258;0.051679424941539764;128813
151.03033001790754;0.041476129088550806;0.046737766824662685;128853
151.19294033478945;0.04199173208326101;0.047680112067610025;128893
151.3588019949384;0.04283859906718135;0.05193741200491786;128934
151.5266173388809;0.040547160897403955;0.056486756075173616;128974
151.69716969691217;0.04172318405471742;0.05459167994558811;129015
151.85447525489144;0.039834174094721675;0.04328332492150366;129051
152.01842188090086;0.04033967014402151;0.050608952064067125;129092
152.17660717782564;0.04227913892827928;0.04512316104955971;129129
152.3416377918329;0.042982389917597175;0.049323068000376225;129170
152.50951634091325;0.04241575510241091;0.05100961588323116;129210
152.67206172388978;0.04186085192486644;0.04918141197413206;129251
152.83879132196307;0.04287425708025694;0.05368820996955037;129292
153.0142793408595;0.04693788313306868;0.05123410886153579;129333
153.17968270578422;0.042562318965792656;0.04875758709385991;129373
153.34828773979098;0.04339300002902746;0.0519143040291965;129410
153.52124540694058;0.04116307012736797;0.047921390971168876;129451
153.6816690308042;0.04261543299071491;0.046642977045848966;129487
153.8528597499244;0.041080818977206945;0.056682162918150425;129524
154.0716690409463;0.09682410187087953;0.05115593713708222;129564
154.2372589749284;0.043030750937759876;0.049030047142878175;129608
154.39897002582438;0.04071765812113881;0.0498165360186249;129649
154.56608781800605;0.04235273995436728;0.04862984106875956;129689
154.73149749799632;0.04076735791750252;0.0536943101324141;129729
154.8964294679463;0.04111902485601604;0.05225511593744159;129765
155.06870614388026;0.041717651998624206;0.055494993226602674;129806
155.23103056591935;0.04015998193062842;0.05089051206596196;129847
155.39239666983485;0.0412704108748585;0.050736526027321815;129891
155.55499433190562;0.039205965120345354;0.04915133095346391;129931
155.71860994095914;0.0411197068169713;0.05057972716167569;129971
155.88605246087536;0.041541323997080326;0.05615432793274522;130011
156.0608156719245;0.04348050197586417;0.05027703498490155;130051
156.22322067292407;0.042593718972057104;0.05018492299132049;130092
156.38858547084965;0.041840237099677324;0.05305136879906058;130129
156.55212005483918;0.04013033607043326;0.04988554189912975;130170
156.72202330688015;0.0414796129334718;0.05393386911600828;130211
156.91380206379108;0.04041541600599885;0.053436505841091275;130256
157.07730208989233;0.040047899121418595;0.05058006988838315;130297
157.24296508985572;0.03967112908139825;0.055218843976035714;130341
157.41009858599864;0.04211163800209761;0.052617656998336315;130378
157.57883381284773;0.04061745014041662;0.05313407792709768;130419
157.74425811483525;0.041554688941687346;0.05153627204708755;130460
157.9100058968179;0.044590307865291834;0.04816892510280013;130496
158.07560745393857;0.04210497089661658;0.05097797210328281;130537
158.24449671292678;0.042506831930950284;0.05314441095106304;130578
158.40800444991328;0.042530851904302835;0.05005341721698642;130614
158.57133899978362;0.04178625484928489;0.04808775009587407;130650
158.7311595689971;0.04146033711731434;0.04784871079027653;130691
158.89828518987633;0.04086633492261171;0.05423601111397147;130731
159.08321752795018;0.048147585010156035;0.05748143885284662;130771
159.24391103792004;0.04109782096929848;0.04815056989900768;130812
159.41059882380068;0.042443662881851196;0.04918182920664549;130852
159.5699749449268;0.041530405869707465;0.044764807214960456;130889
159.73401161492802;0.04381267889402807;0.04751859907992184;130930
159.90781631693244;0.040134953102096915;0.05015933280810714;130974
160.07174822478555;0.04136581881903112;0.04984547197818756;131014
160.23361530993134;0.04041602509096265;0.05087810498662293;131050
160.41472809691913;0.04035779996775091;0.06117995688691735;131091
160.58366591483355;0.041747251991182566;0.05468656215816736;131131
160.75024585193023;0.041840627091005445;0.05231424793601036;131167
160.91879185987636;0.04059211001731455;0.05364828486926854;131204
161.08022403693758;0.0398862948641181;0.049193019047379494;131245
161.24651585379615;0.04003578005358577;0.053558627143502235;131281
161.40944701689295;0.04157056496478617;0.04660555999726057;131317
161.5814351879526;0.04482101299799979;0.054373451974242926;131357
161.7484038968105;0.04156775400042534;0.051963549107313156;131394
161.91464346298017;0.04001801507547498;0.05266066500917077;131438
162.07132601481862;0.04192881705239415;0.044528180034831166;131474
162.24245454301126;0.04042411595582962;0.05568369198590517;131515
162.40830848691985;0.041124129900708795;0.05346656194888055;131551
162.57447184389457;0.04093989380635321;0.05041563417762518;131592
162.74236661288887;0.04158811317756772;0.04878120590001345;131629
162.90435844194144;0.04027823219075799;0.0504009819123894;131670
163.06903375079855;0.04051153198815882;0.05210319790057838;131710
163.23175937589258;0.042051295982673764;0.047569371992722154;131750
163.39791950094514;0.043027629144489765;0.05218533077277243;131790
163.55956651386805;0.03950921096839011;0.045975904911756516;131826
163.72013758379035;0.03964785696007311;0.049373677000403404;131867
163.88562260195613;0.03980840789154172;0.05418296018615365;131907
164.05662385490723;0.038977999007329345;0.0617773300036788;131947
164.2189820429776;0.03972438001073897;0.052065951051190495;131988
164.38144399481826;0.04036594182252884;0.04781031305901706;132028
164.54443951579742;0.040882074972614646;0.05070264404639602;132069
164.70574930100702;0.041280130157247186;0.04604877391830087;132109
164.8844817338977;0.04096963396295905;0.04707085317932069;132149
165.04857102385722;0.04117822996340692;0.04775255103595555;132185
165.21183082298376;0.04424212500452995;0.04814840108156204;132226
165.37876483495347;0.04164579906500876;0.04824893386103213;132263
165.54359449679032;0.04109265701845288;0.04908538982272148;132303
165.71807294595055;0.0458210960496217;0.052423693938180804;132344
165.88137068483047;0.04114227299578488;0.046508008847013116;132380
166.05006276187487;0.04255738505162299;0.05212825583294034;132420
166.21385996695608;0.041838127886876464;0.05006685806438327;132461
166.38052526279353;0.04186318791471422;0.05061086011119187;132501
166.54280870198272;0.03929984709247947;0.04487794009037316;132537
166.71085548587143;0.04001576220616698;0.050519321812316775;132578
166.87191125098616;0.04041499085724354;0.04786838311702013;132619
167.04026316897944;0.042007846059277654;0.05228768801316619;132660
167.2004468969535;0.04101475398056209;0.045816867146641016;132696
167.3684180409182;0.04127545305527747;0.0539478890132159;132740
167.5292475919705;0.04051875392906368;0.04640427487902343;132780
167.69450916792266;0.042856690008193254;0.04684531595557928;132821
167.86193037498742;0.04091167403385043;0.05372892110608518;132869
168.0255104629323;0.04062121198512614;0.04772285791113973;132909
168.1920949809719;0.04135300312191248;0.051610725931823254;132953
168.3482634788379;0.04123647999949753;0.04358035302720964;132989
168.51512039988302;0.04237196105532348;0.04905337397940457;133025
168.68331864080392;0.041117487009614706;0.05124099086970091;133065
168.84910622797906;0.04382635513320565;0.048981823958456516;133102
169.02585913892835;0.04062523692846298;0.05986206792294979;133143
169.18192018079571;0.04021570296026766;0.045610846020281315;133179
169.34540683892556;0.04162637097761035;0.04899703012779355;133220
169.51023453497328;0.040734101785346866;0.04887845320627093;133264
169.6801133789122;0.04016333702020347;0.05755436001345515;133300
169.84627562086098;0.040845468174666166;0.05239144596271217;133341
170.01006752997637;0.04112568381242454;0.047052056062966585;133377
170.1725845998153;0.0392966961953789;0.04731106199324131;133413
170.3387589729391;0.04104659310542047;0.05125381983816624;133454
170.5099125530105;0.041027433006092906;0.053009815979748964;133495
170.67287158383988;0.04406638094224036;0.04480795911513269;133532
170.84012232581154;0.04206300689838827;0.05068645998835564;133573
171.00623107887805;0.040690412977710366;0.05236561386846006;133613
171.1858047398273;0.04137309384532273;0.04990388918668032;133657
171.34677103883587;0.040728182066231966;0.045618024887517095;133693
171.51325142593123;0.03983454895205796;0.05087005696259439;133733
171.6760713669937;0.04159330599941313;0.046885248040780425;133777
171.84256719588302;0.04024397605098784;0.05167992110364139;133818
172.0047260769643;0.039411752950400114;0.04935102304443717;133858
172.1688569788821;0.04031563503667712;0.05117250792682171;133899
172.3279450929258;0.0406387138646096;0.045752524165436625;133939
172.53189647290856;0.07391620404087007;0.05435259686782956;133980
172.78582045179792;0.0463252158369869;0.13334913807921112;134021
172.9894244458992;0.040056779980659485;0.09146803501062095;134062
173.15897506987676;0.04179249098524451;0.05212770705111325;134107
173.33157751290128;0.04401790117844939;0.0522934899199754;134148
173.4988026509527;0.04275911091826856;0.050778293050825596;134184
173.66244664997794;0.04133330495096743;0.05031761294230819;134225
173.82549584796652;0.040923170978203416;0.048880075104534626;134266
173.99754589400254;0.04463945096358657;0.05180122097954154;134307
174.1637060919311;0.04009927809238434;0.05239605205133557;134347
174.32763049192727;0.04016330488957465;0.04943539295345545;134384
174.49162487289868;0.04136731312610209;0.046897778986021876;134421
174.66384394583292;0.046809569001197815;0.05122892698273063;134462
174.83445328380913;0.04285843204706907;0.05160702392458916;134503
175.00504132686183;0.044652021024376154;0.050171840004622936;134544
175.16907508298755;0.04261013399809599;0.046178983990103006;134580
175.36359275784343;0.047158973990008235;0.04897030210122466;134616
175.52699061878957;0.04138610698282719;0.0472229749429971;134652
175.69433085992932;0.04133297619409859;0.050758885918185115;134692
175.86366295279004;0.043465760070830584;0.04971874784678221;134732
176.04387325281277;0.04262683098204434;0.06459699990227818;134773
176.21902587497607;0.04449320491403341;0.05396296107210219;134814
176.38194506592117;0.042731833877041936;0.04636247013695538;134855
176.5491358488798;0.043298088014125824;0.048106489004567266;134892
176.71781095094047;0.04218437918461859;0.049758622888475657;134936
176.887973847799;0.042249962920323014;0.05457758717238903;134972
177.0601492607966;0.04139865888282657;0.05540454597212374;135013
177.23359954194166;0.04121377598494291;0.056951601058244705;135053
177.4085865749512;0.04206338198855519;0.05589368497021496;135093
177.57384790899232;0.04146386589854956;0.046956994105130434;135130
177.74015545099974;0.04267295100726187;0.045598587952554226;135167
177.90925148688257;0.04234594409354031;0.04939501895569265;135208
178.07764401496388;0.04189351783134043;0.048757184064015746;135249
178.2612262268085;0.04392723995260894;0.06192394089885056;135286
178.43923383881338;0.04538387595675886;0.05592741910368204;135327
178.60663101798855;0.04063210100866854;0.04846821911633015;135368
178.77180477580987;0.04032997717149556;0.04986851383000612;135409
178.93712876085192;0.04034757404588163;0.0497374190017581;135449
179.11365263490006;0.041097661945968866;0.05085210804827511;135490
179.28181615588255;0.040352254174649715;0.04783226898871362;135530
179.44680151692592;0.0403339930344373;0.050274062901735306;135570
179.61187538597733;0.041450086049735546;0.048708204878494143;135611
179.77533290488645;0.040704149985685945;0.04721694206818938;135652
179.9414130989462;0.04219366796314716;0.05100118089467287;135693
180.1059048899915;0.04241944313980639;0.04435347183607519;135730
180.29704508488066;0.049045574851334095;0.06658057402819395;135771
180.46348642394878;0.0396059500053525;0.05395548208616674;135815
180.62597438390367;0.04005452198907733;0.04937823093496263;135856
180.78950960794464;0.04267115914262831;0.04622208094224334;135893
180.95492831780575;0.04126899316906929;0.047135298838838935;135930
181.11811531195417;0.04185922001488507;0.044335982063785195;135966
181.28614980797283;0.042801876086741686;0.05187838803976774;136006
181.44988786592148;0.041025801096111536;0.049787660129368305;136042
181.61680533387698;0.041064728051424026;0.04887435189448297;136082
181.78722092090175;0.04641068517230451;0.04896157095208764;136123
181.9672423969023;0.05049555003643036;0.0540811070241034;136163
182.15683974488638;0.054558486212044954;0.057928684866055846;136200
182.33697908185422;0.051825196016579866;0.05123825091868639;136240
182.51029599900357;0.051810223842039704;0.0444023001473397;136277
182.68528785882518;0.05013817688450217;0.050565302139148116;136317
182.85832057287917;0.05030327616259456;0.048078727908432484;136358
183.04677755897865;0.06521862419322133;0.04834331478923559;136395
183.2120385807939;0.04578843992203474;0.04395153094083071;136432
183.38092608796433;0.0440273389685899;0.04978793393820524;136473
183.55311905778944;0.04522828804329038;0.04899763106368482;136513
183.7389078589622;0.04554501990787685;0.06162962201051414;136554
183.9155302408617;0.04462984995916486;0.05306375212967396;136591
184.09876398788765;0.04793947795405984;0.060123920906335115;136632
184.26806214195676;0.045731958001852036;0.05013791308738291;136672
184.43793751089834;0.04413397307507694;0.04875680594705045;136713
184.60647297487594;0.044577243039384484;0.04875328182242811;136754
184.77802429394796;0.04791218810714781;0.04915843391790986;136794
184.94363057101145;0.045254379976540804;0.04425363801419735;136831
185.13256757101044;0.046056405175477266;0.0653161748778075;136875
185.31792713492177;0.04541891906410456;0.04813066590577364;136916
185.49122180580162;0.04624217189848423;0.051858738996088505;136957
185.66529524000362;0.04628956085070968;0.049774987157434225;136994
185.84242433682084;0.047405007062479854;0.05456004408188164;137035
186.02307733497582;0.04750468977726996;0.05644386704079807;137076
186.20186571893282;0.0531605479773134;0.0496928880456835;137112
186.3697025978472;0.04589203419163823;0.0454629419837147;137149
186.53924934286624;0.04394002188928425;0.05066288309171796;137190
186.7204883818049;0.049814293161034584;0.047442404786124825;137231
186.8951760448981;0.04552014311775565;0.05114253889769316;137271
187.06721480097622;0.04440764687024057;0.052707860013470054;137312
187.254415162839;0.048055005026981235;0.06183734512887895;137352
187.4269289218355;0.044308584881946445;0.05256980494596064;137396
187.59796876786277;0.04336501704528928;0.05402000481262803;137437
187.7781407609582;0.04515883885324001;0.05088232411071658;137477
187.94896180578507;0.046732994029298425;0.04776902496814728;137513
188.1215765438974;0.04347657202742994;0.05348125705495477;137553
188.2989648359362;0.04248478100635111;0.05247623403556645;137594
188.47063496499322;0.04571414296515286;0.049675778951495886;137634
188.64119926886633;0.04412102606147528;0.0524045480415225;137674
188.8296405680012;0.044975706143304706;0.05297641200013459;137714
188.99895642278716;0.045247826958075166;0.04824326792731881;137750
189.17754310392775;0.04548972682096064;0.05776794208213687;137791
189.35500554088503;0.044567990116775036;0.053619223879650235;137832
189.52907545189373;0.044784564059227705;0.053678083000704646;137873
189.70010839682072;0.04445197805762291;0.051623641047626734;137914
189.87846101890318;0.04765691701322794;0.049720219103619456;137950
190.05554010998458;0.04268054198473692;0.06018060795031488;137991
190.23021879792213;0.04260512697510421;0.05587465991266072;138031
190.40430354489945;0.04368377011269331;0.0520420428365469;138071
190.58430433878675;0.044007280841469765;0.05369681096635759;138112
190.75406334386207;0.04321131599135697;0.04903937713243067;138148
190.938645219896;0.04177209292538464;0.06702944310382009;138189
191.1323955799453;0.06656173383817077;0.05042103910818696;138226
191.3069364510011;0.04206363600678742;0.0541823438834399;138267
191.4763695448637;0.04209512611851096;0.05149122793227434;138304
191.6438708298374;0.041982589988037944;0.053090610075742006;138341
191.87219487689435;0.08627824694849551;0.05994518497027457;138382
192.05003473488614;0.045193753903731704;0.05668225116096437;138423
192.22613656078465;0.043344249948859215;0.05901822098530829;138463
192.41199708590284;0.044613393023610115;0.06307167001068592;138504
192.5934243099764;0.042777959955856204;0.05396354990079999;138544
192.76877947384492;0.04276234097778797;0.056306086014956236;138584
192.94329831097275;0.042499147122725844;0.048509734915569425;138621
193.11348392395303;0.041713348124176264;0.05361761199310422;138661
193.27847588295117;0.042730134911835194;0.0447757369838655;138698
193.44339327490889;0.04299535998143256;0.04804871301166713;138735
193.61692985286936;0.04134077997878194;0.05156724201515317;138776
193.78939894982614;0.04072967800311744;0.05365527281537652;138816
193.9668922338169;0.045484069967642426;0.054256223142147064;138857
194.13096907385625;0.041245649103075266;0.04635260393843055;138894
194.3073592488654;0.040717188036069274;0.05760766100138426;138934
194.48346362495795;0.04733476508408785;0.05265256087295711;138971
194.64958217088133;0.039761004969477654;0.04947624495252967;139012
194.82128921383992;0.041709386045113206;0.053777574095875025;139053
194.98875173483975;0.04671431798487902;0.04306707996875048;139089
195.15137114189565;0.04205785598605871;0.045409890124574304;139133
195.31619884399697;0.04219749686308205;0.04426800203509629;139170
195.48376493388787;0.042837528977543116;0.050707719987258315;139210
195.6516310099978;0.042678435798734426;0.051989453146234155;139250
195.82010558294132;0.04429464298300445;0.049212849931791425;139291
195.99658805178478;0.046487190993502736;0.05253417114727199;139331
196.16849382501096;0.04101233300752938;0.05401189113035798;139376
196.33066142979078;0.04059671610593796;0.046568040968850255;139412
196.50291822687723;0.04167652688920498;0.05465337005443871;139452
196.6726109487936;0.042074304074048996;0.0503027830272913;139493
196.84067777497694;0.041843557031825185;0.05072258389554918;139534
197.00821467279457;0.04126484598964453;0.048716526944190264;139575
197.17178929387592;0.039955477928742766;0.04912886186502874;139615
197.34350904100575;0.04100828105583787;0.05241602403111756;139659
197.508973833872;0.04076309921219945;0.047508387826383114;139696
197.69293872686103;0.04431933118030429;0.06204230198636651;139737
197.8602108969353;0.04242847394198179;0.048990716924890876;139774
198.02526135090739;0.0423395459074527;0.04800748196430504;139815
198.20567760197446;0.04239844484254718;0.04742238111793995;139856
198.37036355701275;0.04046868090517819;0.0467788300011307;139897
198.53748532896861;0.04014414199627936;0.04900381783954799;139937
198.70377215300687;0.04193474003113806;0.048060795990750194;139978
198.8831087218132;0.04067558795213699;0.05050418013706803;140019
199.04519304283895;0.04122708295471966;0.04480345896445215;140056
199.2204030097928;0.04057733016088605;0.06003909884020686;140097
199.39346907590516;0.0420291880145669;0.04942556796595454;140137
199.5646534259431;0.044664757791906595;0.05240781302563846;140178
199.7308612719644;0.040692985989153385;0.0522358079906553;140219
199.9026758139953;0.040496936067938805;0.05401583597995341;140259
200.0682346278336;0.040663796942681074;0.050556130008772016;140299
200.2344699499663;0.039392065024003386;0.05219203908927739;140343
200.40742593095638;0.040542159928008914;0.05519674392417073;140384
200.57489795493893;0.04241095809265971;0.04803138389252126;140420
200.7411332949996;0.04079611017368734;0.051000879844650626;140456
200.9028617439326;0.04052280494943261;0.046220125863328576;140493
201.0750591198448;0.040671147871762514;0.055741262156516314;140534
201.24367603193969;0.040200230898335576;0.049145197961479425;140575
201.42851765686646;0.06483250390738249;0.04513203795067966;140612
201.59451786079444;0.0392547519877553;0.05193696706555784;140648
201.76697656698525;0.04041875107213855;0.05449969484470785;140688
201.94532317784615;0.03973409696482122;0.06267344811931252;140729
202.11187534197234;0.03940274007618427;0.047650780994445086;140766
202.2865828149952;0.040311462013050914;0.05975683010183275;140807
202.46499936887994;0.04325616708956659;0.06022154400125146;140847
202.63471174286678;0.040910511976107955;0.05327265290543437;140887
202.80948031693697;0.041316814022138715;0.056098446948453784;140928
202.98315505078062;0.04090195591561496;0.05139998602680862;140969
203.14999270695262;0.03936493210494518;0.051884422078728676;141010
203.3176751008723;0.04223186615854502;0.04813196696341038;141051
203.48253865493461;0.03939411090686917;0.05045765917748213;141095
203.64814072079025;0.03968079085461795;0.04851781716570258;141136
203.8266542579513;0.04010778293013573;0.061271209036931396;141177
204.00884614582174;0.040299931075423956;0.06251285690814257;141218
204.17887273291126;0.04057263908907771;0.05153694283217192;141259
204.34969828696921;0.0407834779471159;0.052411690121516585;141300
204.52102175494656;0.041163502959534526;0.053356386022642255;141340
204.69123925687745;0.04192207707092166;0.049296789802610874;141377
204.85786377592012;0.041186667047441006;0.05092329788021743;141414
205.02823069086298;0.04446966014802456;0.04841036279685795;141455
205.1968678238336;0.041655351873487234;0.051788778975605965;141495
205.36314505594783;0.03910611104220152;0.050942603033035994;141540
205.52952875685878;0.04104509693570435;0.048348426120355725;141580
205.69495365279727;0.04139138897880912;0.04709022608585656;141620
205.867329018889;0.03990049799904227;0.052463829051703215;141660
206.04290323285386;0.04263457399792969;0.056462623877450824;141701
206.20838359487243;0.04172281012870371;0.0469306989107281;141742
206.37903126399033;0.040843998081982136;0.045844865031540394;141779
206.54471069783904;0.041171859949827194;0.0491614390630275;141819
206.70720796496607;0.04203716991469264;0.044291431084275246;141855
206.87505686981604;0.04034917103126645;0.04873985704034567;141891
207.046322820941;0.0445815899875015;0.04697387502528727;141931
207.21577097987756;0.041560637997463346;0.051523956935852766;141971
207.38046726281755;0.04108508303761482;0.04684995207935572;142007
207.5512651298195;0.04307602206245065;0.04786145407706499;142043
207.7186885268893;0.04174944502301514;0.046585122821852565;142084
207.90387021494098;0.040971213951706886;0.06673801993019879;142124
208.07633285596967;0.04358059400692582;0.047979554161429405;142165
208.24173989496194;0.04284778982400894;0.045550648123025894;142206
208.40840900386684;0.04080917197279632;0.04860946582630277;142246
208.5721984449774;0.040673512034118176;0.045813963981345296;142282
208.7404207638465;0.040283321868628263;0.04957583220675588;142319
208.91411702684127;0.04392235283739865;0.04889692715369165;142360
209.0819126528222;0.04068281617946923;0.05091143189929426;142401
209.26275232899934;0.0420015100389719;0.0625503200571984;142442
209.4349447810091;0.04065133607946336;0.05572978011332452;142482
209.60716971498914;0.04130617599003017;0.05314222793094814;142522
209.77404631394893;0.04095724388025701;0.04821470798924565;142558
209.94920840789564;0.042750455904752016;0.05585998110473156;142599
210.12231285288;0.0404367228038609;0.051425710087642074;142640
210.28946621483192;0.041737496852874756;0.04909442807547748;142680
210.4540201879572;0.04102129815146327;0.04497220483608544;142716
210.6192101109773;0.040651194052770734;0.04620071081444621;142753
210.82176956394687;0.07561123208142817;0.04937560181133449;142793
210.9949333369732;0.04346699104644358;0.054546396946534514;142837
211.16668585781008;0.0402613568585366;0.05014767311513424;142878
211.33509626984596;0.04236231301911175;0.0494757320266217;142919
211.50214114785194;0.03954753093421459;0.0485492420848459;142960
211.6755563709885;0.04300796310417354;0.05133768497034907;143001
211.8409807649441;0.040982864098623395;0.046792617067694664;143041
212.0026122648269;0.039594994159415364;0.043820564867928624;143077
212.20975054893643;0.04502042289823294;0.05965428915806115;143118
212.3886881179642;0.040968088898807764;0.05279674916528165;143158
212.55589984101243;0.0406747639644891;0.05032659997232258;143199
212.72698809299618;0.04183877585455775;0.04530305904336274;143240
212.8977426099591;0.045424578012898564;0.04924895381554961;143281
213.07154211984016;0.04106336506083608;0.052909916965290904;143318
213.23469080380164;0.04196086898446083;0.044778235955163836;143355
213.40426632994786;0.04087675083428621;0.050477905198931694;143395
213.57662877999246;0.04150296887382865;0.049021467100828886;143435
213.74625979200937;0.041018861113116145;0.05058494792319834;143471
213.92582356301136;0.04820779198780656;0.05269330902956426;143511
214.09511964698322;0.04062788491137326;0.048918032087385654;143552
214.26008148188703;0.040538761066272855;0.046759457094594836;143588
214.43711731792428;0.04130605491809547;0.05411662603728473;143633
214.60534627200104;0.03972637397237122;0.05064436513930559;143674
214.78347808192484;0.04601727519184351;0.054407901829108596;143711
214.9625972257927;0.04065460409037769;0.0587426139973104;143751
215.1375370468013;0.04191104508936405;0.05690404586493969;143788
215.30426700389944;0.0385776509065181;0.04780696704983711;143825
215.4673702288419;0.04063093918375671;0.04569832794368267;143862
215.63697734987363;0.040194069035351276;0.04892969178035855;143898
215.8181482339278;0.040524886921048164;0.06230121897533536;143939
215.98818810493685;0.04048854298889637;0.05251519987359643;143979
216.1650803538505;0.0453664471860975;0.05370363499969244;144015
216.33992780698463;0.041540953796356916;0.05601595598272979;144056
216.51219914085232;0.03898422792553902;0.049515541177242994;144093
216.68565463880077;0.04795769415795803;0.05086837988346815;144133
216.86342813400552;0.04172577685676515;0.05627015302889049;144169
217.02642978378572;0.041022476041689515;0.04716905695386231;144205
217.19566697184928;0.04187175678089261;0.04977936507202685;144245
217.35890231188387;0.04048993904143572;0.04612863389775157;144281
217.5269007817842;0.04075914807617664;0.0476822629570961;144317
217.69719616882503;0.04256969993002713;0.04998233006335795;144353
217.86568850488402;0.042263427982106805;0.04969166894443333;144394
218.0321359129157;0.03980385884642601;0.04768611001782119;144435
218.20876576099545;0.04225985216908157;0.05337641201913357;144471
218.37756618997082;0.03925367700867355;0.05082416511140764;144511
218.5460225988645;0.0427662490401417;0.048887963872402906;144548
218.71849535196088;0.04001867491751909;0.053143530152738094;144588
218.89472439978272;0.040314910002052784;0.055366348940879107;144624
219.06258565280586;0.041636412031948566;0.04801647597923875;144661
219.23603820591234;0.04130393685773015;0.05123131908476353;144698
219.40695273084566;0.041826040018349886;0.049678062088787556;144738
219.57612464390695;0.03995832009240985;0.05140442796982825;144782
219.74972368497401;0.04155997303314507;0.048705982975661755;144822
219.92442103801295;0.040880762971937656;0.053018637001514435;144862
220.09373943600804;0.04423697292804718;0.04886994417756796;144899
220.26155965286307;0.04127278900705278;0.04632189706899226;144935
220.438164425781;0.044109986862167716;0.051843162160366774;144971
220.60868682689033;0.04175802320241928;0.04907398694194853;145011
220.78204275295138;0.0420711780898273;0.05093675386160612;145048
220.95263468893245;0.040262982016429305;0.04695924394764006;145085
221.11957894195803;0.03946935012936592;0.04857495706528425;145126
221.29400633880869;0.04224761505611241;0.05167542491108179;145167
221.46177558484487;0.04099918599240482;0.04808450001291931;145204
221.63606387097389;0.04129383899271488;0.05418864404782653;145240
221.80590554699302;0.04071422200649977;0.049532686127349734;145281
221.9775124208536;0.04070015298202634;0.05080971401184797;145325
222.14446611283347;0.039973992854356766;0.04791197902522981;145365
222.3225338428747;0.04527267720550299;0.0496322528924793;145405
222.498766109813;0.040816778084263206;0.05544288596138358;145446
222.66926662484184;0.040626761969178915;0.05228549800813198;145487
222.8413928449154;0.041404918069019914;0.04940958390943706;145528
223.01266761799343;0.040398816112428904;0.04852362792007625;145568
223.1806124378927;0.04042313201352954;0.048518294002860785;145609
223.34756373497657;0.04173166397958994;0.0462767060380429;145646
223.53116943500936;0.040550339967012405;0.04686617897823453;145682
223.69621870294213;0.03910491801798344;0.046064525144174695;145719
223.8753586160019;0.04105978389270604;0.05570979812182486;145760
224.04597198893316;0.041250091046094894;0.04941783403046429;145800
224.2160899338778;0.04443949507549405;0.04674696596339345;145836
224.38895660080016;0.042853013845160604;0.04949799715541303;145876
224.558504126966;0.04139270097948611;0.04817311908118427;145916
224.7284683098551;0.04044235800392926;0.050289609003812075;145956
224.89655265794136;0.0409877949859947;0.04650412988848984;145996
225.06885925889947;0.0409451259765774;0.0491216650698334;146037
225.239857560955;0.04018249805085361;0.050638155080378056;146077
225.4112565079704;0.04229274415411055;0.05057319300249219;146118
225.58467840100639;0.04149640607647598;0.05562434485182166;146155
225.75407290901057;0.043560354970395565;0.0476714929100126;146195
225.9314090698026;0.043392844032496214;0.04788115504197776;146232
226.10512242489494;0.04441202408634126;0.04829650395549834;146273
226.27623542095535;0.04175209882669151;0.04941482516005635;146309
226.4465871618595;0.04039086401462555;0.05016077891923487;146346
226.61563659785315;0.04113475186750293;0.0498842759989202;146382
226.78863103990443;0.04193520010448992;0.05227587604895234;146422
226.96000749082305;0.04084171797148883;0.050431564915925264;146458
227.12834388879128;0.03998324414715171;0.05004613194614649;146499
227.30184582993388;0.03935787593945861;0.0509556420147419;146540
227.4899188168347;0.05143383308313787;0.05845582694746554;146580
227.6651464907918;0.048154589952901006;0.049763621063902974;146621
227.84662935696542;0.05106147797778249;0.050239938078448176;146662
228.03086363198236;0.05226707807742059;0.049912502989172935;146699
228.20934977778234;0.049714995082467794;0.048332786886021495;146736
228.38955795485526;0.05144346388988197;0.04832881013862789;146773
228.60566235892475;0.07923132600262761;0.05766165698878467;146813
228.78841811791062;0.04899143404327333;0.05306283198297024;146854
228.9732980139088;0.05213187192566693;0.05064314999617636;146895
229.149537128862;0.04718127800151706;0.047902781050652266;146931
229.32598332082853;0.04810132319107652;0.05014850595034659;146971
229.50457009789534;0.045715935062617064;0.052090794779360294;147012
229.68252061796375;0.048133722972124815;0.04791394202038646;147052
229.8657331848517;0.048267335863783956;0.051245658192783594;147093
230.08120465185493;0.07936652819626033;0.04696885379962623;147130
230.26372509496287;0.049924595979973674;0.05054606101475656;147170
230.43771678279154;0.04552489402703941;0.04603732097893953;147207
230.6128734718077;0.04622530215419829;0.05023048003204167;147248
230.7913310029544;0.05001909122802317;0.049243666930124164;147293
230.9619525067974;0.04457406187430024;0.04787518107332289;147330
231.14195766998455;0.044764343881979585;0.057561660185456276;147370
231.31643748586066;0.045178802916780114;0.05113034206442535;147410
231.4938117908314;0.04471509181894362;0.047593664145097136;147451
231.6715125599876;0.04848385020159185;0.05164113198406994;147487
231.84736661380157;0.04649155284278095;0.04937408212572336;147528
232.02060451498255;0.04393593198619783;0.05177292204461992;147569
232.1952016397845;0.047670911997556686;0.04634971800260246;147605
232.36898626596667;0.04438541200943291;0.051675315015017986;147646
232.5467066830024;0.04519122513011098;0.050557429902255535;147683
232.71913687791675;0.04398541385307908;0.04964221315458417;147720
232.89789234194905;0.04600337706506252;0.05468145199120045;147760
233.06796932197176;0.04448760696686804;0.049163800198584795;147801
233.24696453288198;0.04722339194267988;0.05498104100115597;147841
233.41778597887605;0.04558905796147883;0.04837666009552777;147881
233.58952520391904;0.04402438015677035;0.05077732680365443;147917
233.7681930779945;0.04785514995455742;0.05030380003154278;147957
233.9528670059517;0.04381737601943314;0.061752425972372293;147998
234.13379824301228;0.047296391101554036;0.05627313000150025;148038
234.30877232993953;0.045368512859568;0.050353646045550704;148078
234.4889043129515;0.0461957030929625;0.05312267295084894;148119
234.6666468088515;0.04339809506200254;0.048574018059298396;148160
234.84768683300354;0.046278710942715406;0.04921394889242947;148201
235.022016356932;0.044319963082671165;0.050725771114230156;148237
235.19389462890103;0.04363856790587306;0.04751944006420672;148273
235.3756785739679;0.04875551420263946;0.05358044081367552;148313
235.54867221182212;0.04539190814830363;0.0476517949718982;148350
235.7143100698013;0.04384255292825401;0.043689648155122995;148386
235.8950559948571;0.04581928299739957;0.054841272067278624;148427
236.07628311100416;0.04787941602990031;0.051732104970142245;148463
236.25645971787162;0.045131878927350044;0.052768721943721175;148504
236.43345643091016;0.04419925599358976;0.052749285008758307;148544
236.60537971090525;0.042115510907024145;0.04996198718436062;148584
236.77416206081398;0.043655822053551674;0.04585926793515682;148621
236.9464932337869;0.04397683194838464;0.046574552077800035;148661
237.12227920186706;0.04288407112471759;0.05073871091008186;148706
237.2948394329287;0.04409186798147857;0.047190434066578746;148747
237.4714907289017;0.04417950799688697;0.04957324219867587;148788
237.64209487382323;0.04326488613151014;0.04733254387974739;148828
237.81185392383486;0.04232946992851794;0.04768542503006756;148865
237.9954411489889;0.04737603198736906;0.050620174035429955;148905
238.19797097798437;0.07347771897912025;0.05003006081096828;148942
238.37122698081657;0.04341271100565791;0.045163088012486696;148978
238.54024261096492;0.043538731057196856;0.04699863283894956;149019
238.71353773982264;0.04177814885042608;0.052794886054471135;149060
238.8858244959265;0.043843068880960345;0.04564655013382435;149097
239.056874594884;0.04380743810907006;0.048129447968676686;149137
239.22893164795823;0.043733509024605155;0.046987028094008565;149178
239.40819117194042;0.04583498788997531;0.05431989207863808;149219
239.5766927190125;0.04401920805685222;0.043781149899587035;149255
239.74855022295378;0.04267196008004248;0.05055346502922475;149295
239.9212710619904;0.044947778107598424;0.046709868824109435;149332
240.09240442398004;0.046401520958170295;0.045470457058399916;149369
240.27011559996754;0.04310238012112677;0.048073008889332414;149406
240.44528907095082;0.044252448016777635;0.050182422855868936;149446
240.62387446989305;0.042787676909938455;0.05585674894973636;149486
240.79962706984952;0.043338940013200045;0.0516413829755038;149526
240.97181057487614;0.043041747994720936;0.05037694610655308;149563
241.154652985977;0.042576094157993793;0.0588752250187099;149600
241.33611696399748;0.043457155115902424;0.05940496199764311;149640
241.52344426186755;0.041368606965988874;0.06242261501029134;149681
241.68943238887005;0.042683674953877926;0.04489712999202311;149717
241.86663008388132;0.04980868496932089;0.04961882205680013;149757
242.03988046082668;0.04241551598533988;0.04964824998751283;149794
242.2114835679531;0.04328096518293023;0.04946965188719332;149834
242.38653671485372;0.0423835520632565;0.05108789284713566;149870
242.55964335496537;0.04107937007211149;0.04820407507941127;149910
242.73264234885573;0.04097528592683375;0.04980272799730301;149950
242.9054692729842;0.04205142590217292;0.05019054492004216;149990
243.08537282398902;0.04223069502040744;0.052677041152492166;150031
243.26084728888236;0.04325802600942552;0.051270293071866035;150071
243.43411607085727;0.04220650508068502;0.04995829192921519;150111
243.61030410183594;0.04207358602434397;0.05126369697973132;150152
243.78677153284661;0.04608173086307943;0.05022633308544755;150193
243.96213615778834;0.0415062140673399;0.04874397092498839;150234
244.1354175468441;0.04482654598541558;0.049170120153576136;150274
244.30574494600296;0.041327676037326455;0.04708935506641865;150311
244.48865351988934;0.04863992007449269;0.05511601595208049;150351
244.663825961994;0.0427586711011827;0.04975569387897849;150392
244.8349756449461;0.042863962007686496;0.04613716993480921;150428
245.00603776681237;0.04283868195489049;0.04716571094468236;150469
245.1878661629744;0.042286516865715384;0.05532310297712684;150510
245.36328287585638;0.04200485604815185;0.04556894791312516;150547
245.54025441291742;0.04109281487762928;0.05545880016870797;150588
245.7157241459936;0.044787355000153184;0.05024211015552282;150629
245.89238326600753;0.04232977796345949;0.05030045099556446;150670
246.07690055295825;0.04276030999608338;0.06281243707053363;150707
246.25223770085722;0.04158034105785191;0.04899144102819264;150743
246.42252708086744;0.040888136019930243;0.04857902880758047;150783
246.58873923285864;0.04176074406132102;0.04455992509610951;150820
246.7615429898724;0.04287698678672314;0.048614450031891465;150860
246.9348298709374;0.04118705517612398;0.05212818691506982;150901
247.10794045682997;0.04161786590702832;0.04925461206585169;150941
247.27947285585105;0.04216845007613301;0.04904840397648513;150982
247.45655172783881;0.0416688839904964;0.052365605952218175;151019
247.6267973408103;0.04440128291025758;0.045856220880523324;151056
247.80735910288058;0.04410370788536966;0.05459561198949814;151096
247.98485380178317;0.04215065995231271;0.05303097213618457;151136
248.1657852937933;0.042185164988040924;0.05487700621597469;151177
248.33335585799068;0.040789758088067174;0.04656418412923813;151218
248.5068821378518;0.04180858004838228;0.04904545797035098;151255
248.68402380985208;0.040135683957487345;0.05087292194366455;151296
248.87760112783872;0.05397296813316643;0.054895450826734304;151332
249.0490161909256;0.04054698604159057;0.04732405487447977;151369
249.23226895090193;0.041591384913772345;0.05775863095186651;151409
249.39831198588945;0.04096956900320947;0.045732225058600307;151446
Initial execution;0.15058476384729147
