Health check creation time
0.05929183308035135
0.048066667979583144
0.05950337299145758
0.05120989307761192
0.054521630983799696
0.04439679114148021
0.048736023949459195
0.04977006302215159
0.04451640206389129
0.05044446187093854
0.04499914008192718
0.046940085012465715
0.044308505952358246
0.052991895005106926
0.05286733014509082
0.046445214888080955
0.05685393395833671
0.04549573012627661
0.044328237883746624
0.04473174596205354
0.04838533094152808
0.04633521079085767
0.058827084954828024
0.05057774996384978
0.0466480131726712
0.04283904191106558
0.046468085842207074
0.05518380110152066
0.04407856403850019
0.06233154283836484
0.043089862912893295
0.05273007485084236
0.04506145580671728
0.05030830902978778
0.043693182058632374
0.043129061814397573
0.048968066927045584
0.04423151584342122
0.04912922182120383
0.04725908301770687
0.05349985486827791
0.05523884599097073
0.05606037494726479
0.05766373802907765
0.05273348488844931
0.047532349824905396
0.055460709147155285
0.05564137501642108
0.058442723006010056
0.05346735892817378
0.050199066987261176
0.03917036484926939
0.03859949787147343
0.04368121107108891
0.037091935984790325
0.044911839067935944
0.03761281305924058
0.04141343594528735
0.04308767314068973
0.0379247919190675
0.03994911490008235
0.0421751718968153
0.0380554620642215
0.0491807518992573
0.04649654985405505
0.047901228070259094
0.04585088905878365
0.047646800987422466
0.05111037893220782
0.04531523701734841
0.0474930249620229
0.04615291208028793
0.04455138393677771
0.044818816939368844
0.04680060688406229
0.04751134105026722
0.04770088498480618
0.04734391695819795
0.044852613005787134
0.04822746315039694
0.053579438012093306
0.04501423891633749
0.047773174941539764
0.05697705294005573
0.050065436167642474
0.04524231515824795
0.05861004488542676
0.05310807493515313
0.05053547490388155
0.052844715071842074
0.04646697407588363
0.04688568110577762
0.049671347020193934
0.048791659995913506
0.04690435086376965
0.044771122047677636
0.04773992300033569
0.04342038696631789
0.04997281590476632
0.045766151044517756
0.053972426103428006
0.045418551890179515
0.048091128934174776
0.05478681204840541
0.043629945954307914
0.044892945094034076
0.044733744114637375
0.04570309305563569
0.04718414298258722
0.04694649809971452
0.04794615390710533
0.04565151408314705
0.045066464925184846
0.04531972808763385
0.04661030205897987
0.05015887995250523
0.0527654099278152
0.04970142710953951
0.056896955939009786
0.04755316092632711
0.04665387491695583
0.04745244700461626
0.04245481104589999
0.048344839131459594
0.04531928012147546
0.04415779002010822
0.04420899995602667
0.04148687794804573
0.04358279891312122
0.04722481011413038
0.04570449609309435
0.04599641798995435
0.04707764298655093
0.04838064592331648
0.04525707894936204
0.05960352602414787
0.04620025306940079
0.06650818116031587
0.04988259403035045
0.04948095791041851
0.04890072415582836
0.04721162794157863
0.04620806290768087
0.04859133088029921
0.050771181005984545
0.04637294402346015
0.04291015793569386
0.04701319593004882
0.04989653010852635
0.055702009005472064
0.05862079793587327
0.05848009302280843
0.05126355588436127
0.05615379614755511
0.06361325620673597
0.06167888315394521
0.049673247849568725
0.046272662933915854
0.04641665401868522
0.04617890901863575
0.046162130078300834
0.048860552022233605
0.046437779208645225
0.04844787809997797
0.04354466893710196
0.04724372108466923
0.05098649091087282
0.04481844394467771
0.044919543201103806
0.04710891796275973
0.045950349885970354
0.04853123612701893
0.04480693722143769
0.04888703813776374
0.04751805984415114
0.04982105107046664
0.04718482797034085
0.04696192708797753
0.046729288063943386
0.04615473886951804
0.047133245039731264
0.0558626358397305
0.04529392020776868
0.0475387847982347
0.04850775306113064
0.050092078978195786
0.045322682010009885
0.0448647381272167
0.05722096608951688
0.04900692612864077
0.04428450600244105
0.05516883684322238
0.04525947291404009
0.043834389885887504
0.04759094212204218
0.05111505417153239
0.04595776810310781
0.045853357994928956
0.044767407001927495
0.045409209094941616
0.04286537505686283
0.04581810277886689
0.04833235498517752
0.04518601601012051
0.04946105391718447
0.04559750808402896
0.04432419897057116
0.04811791097745299
0.04713106295093894
0.04638198087923229
0.04550520796328783
0.050082509871572256
0.05009086197242141
0.04817273700609803
0.04445872106589377
0.046315318904817104
0.046252739848569036
0.046715617878362536
0.04857983812689781
0.047526591923087835
0.051087283063679934
0.04887690697796643
0.04718152107670903
0.05111101106740534
0.05055705504491925
0.049568817019462585
0.04451351403258741
0.0549236589577049
0.046203616075217724
0.049361515091732144
0.04437000001780689
0.04538660985417664
0.050890919053927064
0.04502222593873739
0.044324262998998165
0.042526168981567025
0.04460848914459348
0.05836000991985202
0.047362233977764845
0.0458687599748373
0.045189969008788466
0.04501178814098239
0.04829764389432967
0.05096088093705475
0.04832681198604405
0.04392741294577718
0.04469404788687825
0.047417002031579614
0.04780603898689151
0.044101817067712545
0.046133981086313725
0.04645770601928234
0.044630235992372036
0.05123230302706361
0.04814759502187371
0.048322428949177265
0.04132077400572598
0.04441504902206361
0.04536933987401426
0.04270873498171568
0.04441550001502037
0.05368868005461991
0.038294466910883784
0.040019721956923604
0.0428293920122087
0.04800654202699661
0.04394037486054003
0.05571254389360547
0.05353481392376125
0.04520309087820351
0.043966498924419284
0.05348109803162515
0.05538698798045516
0.049434052081778646
0.04826817219145596
0.053149990970268846
0.06308659701608121
0.057869971031323075
0.05876938812434673
0.04604304791428149
0.04620698397047818
0.050250961910933256
0.04866157379001379
0.048621786991134286
0.04680072492919862
0.04296352807432413
0.04827262205071747
0.052667055977508426
0.07447855500504375
0.06580654694698751
0.07853612606413662
0.046284164069220424
0.04700465593487024
0.049758522072806954
0.04868501401506364
0.0712497120257467
0.05248179496265948
0.051557196071371436
0.04655135190114379
0.051683088997378945
0.052473482908681035
0.05516342609189451
0.049707925878465176
0.05274322000332177
0.050176084972918034
0.054474822944030166
0.04930429486557841
0.04741352493874729
0.047628090949729085
0.051970025058835745
0.0518859620206058
0.05962172499857843
0.05312236095778644
0.051067047053948045
0.06057467497885227
0.06335824402049184
0.05297264805994928
0.05669037997722626
0.05787205183878541
0.06405755085870624
0.04880447988398373
0.04870441812090576
0.04890280100516975
0.05353906098753214
0.04545201198197901
0.044329541036859155
0.0480791840236634
0.06577837700024247
0.05283607798628509
0.04788161790929735
0.04596025589853525
0.04663268709555268
0.04527841694653034
0.04852340091019869
0.05269923200830817
0.04539047204889357
0.05198284704238176
0.06004993198439479
0.05371509795077145
0.04673964297398925
0.060326107079163194
0.04878537217155099
0.04972252598963678
0.04314881912432611
0.045214135898277164
0.04712299699895084
0.04906367789953947
0.04804280097596347
0.051186750177294016
0.05023747403174639
0.04559634788893163
0.04980181693099439
0.050691625103354454
0.048471649177372456
0.05005162814632058
0.04679977195337415
0.04937435104511678
0.047630523797124624
0.06180947902612388
0.0430985358543694
0.05455449386499822
0.05601939093321562
0.047968419967219234
0.06065144995227456
0.04515102109871805
0.04487284901551902
0.052691821940243244
0.04874259000644088
0.05815230216830969
0.051987075014039874
0.04954179213382304
0.05158924707211554
0.04777829791419208
0.047398769995197654
0.054717350052669644
0.05054404796101153
0.04508512793108821
0.05186068802140653
0.0474756748881191
0.049578644102439284
0.04859469598159194
0.05118824704550207
0.053550342097878456
0.05639709811657667
0.04551938897930086
0.046603416092693806
0.04916380695067346
0.04942430183291435
0.050543528981506824
0.056980166118592024
0.04646355984732509
0.047552614007145166
0.0475045561324805
0.06002831785008311
0.046192971989512444
0.04660796304233372
0.04560928698629141
0.06846557394601405
0.08351644105277956
0.05167390312999487
0.057004353031516075
0.046889967983588576
0.051076994044706225
0.049491239013150334
0.04767139791510999
0.053402421064674854
0.04931070399470627
0.0483755930326879
0.04806194198317826
0.0490486160852015
0.05041931290179491
0.04950234689749777
0.048060689121484756
0.0465216429438442
0.04514706786721945
0.0526093749795109
0.04978708806447685
0.046639624051749706
0.05780056002549827
0.04988661501556635
0.0448635530192405
0.044672657968476415
0.04284263798035681
0.045848445035517216
0.043949050130322576
0.04444831097498536
0.05004372098483145
0.04645946295931935
0.04816550901159644
0.052839128067716956
0.04597427695989609
0.05189709085971117
0.0492051369510591
0.047686074860394
0.04815449984744191
0.04779275297187269
0.04836992686614394
0.059213349828496575
0.05910461791791022
0.05366363702341914
0.04627542314119637
0.047122335992753506
0.04896654305048287
0.0506905079819262
0.05620707804337144
0.05097472807392478
0.05052338889800012
0.0629869808908552
0.054138243896886706
0.04950409196317196
0.04640492098405957
0.05208983807824552
0.04851199802942574
0.047183123184368014
0.05217895703390241
0.04548123921267688
0.05702552082948387
0.05876468191854656
0.04905209387652576
0.054482236970216036
0.04472291702404618
0.04978684801608324
0.04968675319105387
0.04552870779298246
0.05077491793781519
0.046946425223723054
0.05062781786546111
0.04960053111426532
0.048399636056274176
0.04976404597982764
0.045310450019314885
0.05127281998284161
0.04877068684436381
0.053015253972262144
0.052041128976270556
0.06161187496036291
0.050822427961975336
0.048864219803363085
0.050403039902448654
0.050012807128950953
0.050846106838434935
0.05336552998051047
0.05101307504810393
0.05019552889280021
0.048155992990359664
0.04955736198462546
0.04855290288105607
0.048032287042587996
0.05075509310699999
0.045999901136383414
0.04734485689550638
0.04771485086530447
0.04890929185785353
0.04866748792119324
0.04928722279146314
0.04971465701237321
0.04728487809188664
0.04849412478506565
0.053766538156196475
0.04564523510634899
