Health check creation time
0.05537594319321215
0.05096538504585624
0.04980681394226849
0.05230396403931081
0.04700151993893087
0.04813799913972616
0.052360920002684
0.049158388981595635
0.046193436020985246
0.05073240399360657
0.0599411481525749
0.05173627892509103
0.045529823983088136
0.04895147494971752
0.051016808953136206
0.04688867600634694
0.04634238802827895
0.04774505621753633
0.04492110386490822
0.05155740608461201
0.050828028935939074
0.04443939006887376
0.04578264500014484
0.048358055064454675
0.044946301029995084
0.04674516315571964
0.048887610202655196
0.0479089729487896
0.046117231948301196
0.04815068282186985
0.046072534983977675
0.054199689999222755
0.05018563102930784
0.04516883194446564
0.04544637608341873
0.04837701516225934
0.04660159605555236
0.04761016508564353
0.046814922941848636
0.04948316793888807
0.04709978518076241
0.04701262200251222
0.05019352398812771
0.04640143411234021
0.04553669597953558
0.04760436015203595
0.05215623206458986
0.04722680593840778
0.047173584112897515
0.04918652703054249
0.05079528084024787
0.0553404379170388
0.05634256009943783
0.04562503891065717
0.04896781500428915
0.049482468981295824
0.05061115394346416
0.047926642931997776
0.04669625498354435
0.05382899707183242
0.051567778922617435
0.05663927900604904
0.051695754984393716
0.04600396496243775
0.04834397113882005
0.04804704198613763
0.05135697009973228
0.04714492103084922
0.04810542706400156
0.04925719299353659
0.04907917999662459
0.06338126910850406
0.0449614271055907
0.04626234294846654
0.05670264712534845
0.04963163612410426
0.04758875584229827
0.0470696659758687
0.046339665073901415
0.049821484135463834
0.04741835291497409
0.04686561622656882
0.04815353010781109
0.04609668906778097
0.04720271588303149
0.04522827989421785
0.0480282308999449
0.043934525921940804
0.04856268595904112
0.047606250969693065
0.06064687902107835
0.050524350022897124
0.050066975178197026
0.049709346145391464
0.04598463396541774
0.04967792914249003
0.049307126784697175
0.05017191614024341
0.05800255388021469
0.04836168605834246
0.0626686061732471
0.04886197904124856
0.052153006894513965
0.04650900885462761
0.047307302011176944
0.04834412410855293
0.04919190309010446
0.04734617006033659
0.051289222203195095
0.059751183027401567
0.05000420892611146
0.046479075914248824
0.04886415204964578
0.04671345395036042
0.04848006600514054
0.047638350166380405
0.04769195290282369
0.04632682679221034
0.05085143004544079
0.04835423198528588
0.049598729936406016
0.04869427904486656
0.047658073948696256
0.046506755985319614
0.045055743074044585
0.05180386290885508
0.050950962118804455
0.0486704281065613
0.054904498159885406
0.05439254199154675
0.051997290924191475
0.04684505588375032
0.04454148793593049
0.04722867882810533
0.047741272021085024
0.045557621866464615
0.047399736009538174
0.04644494503736496
0.049089652951806784
0.04836691007949412
0.04606942995451391
0.045489811105653644
0.05337094492278993
0.04821289610117674
0.04495634394697845
0.048282566014677286
0.05581210507079959
0.04916527005843818
0.04831819608807564
0.04585888609290123
0.04978640913031995
0.04559017298743129
0.045885825995355844
0.049064144026488066
0.04518564301542938
0.047078018076717854
0.04465005290694535
0.051513333106413484
0.054565262980759144
0.05111462599597871
0.04972533416002989
0.046581540955230594
0.04986670287325978
0.0478311178740114
0.05328595405444503
0.04679803107865155
0.047051165951415896
0.04950256599113345
0.04897491307929158
0.04579095705412328
0.046103100990876555
0.049385893857106566
0.04823704110458493
0.05127066210843623
0.047358687967061996
0.0490701689850539
0.04582360899075866
0.04372632899321616
0.0476344209164381
0.047919285017997026
0.04899941012263298
0.05601064790971577
0.04424280417151749
0.055084249936044216
0.048286020988598466
0.04960786295123398
0.04980010795406997
0.048869650112465024
0.047855467069894075
0.049672811990603805
0.04899483104236424
0.04638095898553729
0.04689840809442103
0.048953035147860646
0.046742575941607356
0.045379878021776676
0.053176142973825336
0.05227503087371588
0.0628251819871366
0.04933711583726108
0.046297819120809436
0.046018701046705246
0.043379978043958545
0.04894978296943009
0.04597422294318676
0.04792291414923966
0.046224144054576755
0.04840920399874449
0.05146027193404734
0.049933164147660136
0.04580880608409643
0.048865765100345016
0.047546915942803025
0.050143251894041896
0.047572589945048094
0.05971353920176625
0.05137492995709181
0.05665873596444726
0.057721637887880206
0.07887250394560397
0.0748040177859366
0.06141055002808571
0.07794253714382648
0.059221262112259865
0.054901851108297706
0.06441285298205912
0.053258169908076525
0.044819326139986515
0.05381478299386799
0.048919156892225146
0.05177171994000673
0.05764987482689321
0.04863547207787633
0.048224481055513024
0.05841251811943948
0.06084278202615678
0.056084405863657594
0.051472499035298824
0.05435825395397842
0.052808574168011546
0.0449916860088706
0.04950290685519576
0.046518206829205155
0.049804165959358215
0.04930519196204841
0.048226295970380306
0.04739225888624787
0.05398358008824289
0.050416748970746994
0.0618210609536618
0.052226184867322445
0.051106114871799946
0.05217188107781112
0.04973779898136854
0.06027031899429858
0.05988489789888263
0.05727338697761297
0.0522122650872916
0.0492033411283046
0.04885452496819198
0.05931945610791445
0.044644510140642524
0.056022458942607045
0.06120742787607014
0.050967543851584196
0.05133972712792456
0.04534480790607631
0.04784820578061044
0.0467923681717366
0.04771587601862848
0.052954912884160876
0.05734980199486017
0.05718944501131773
0.060708808014169335
0.055650830967351794
0.06149511784315109
0.05281161284074187
0.05140747409313917
0.06368626793846488
0.05634626909159124
0.05019006016664207
0.05138317495584488
0.04571027704514563
0.047111019026488066
0.0483747748658061
0.043386879144236445
0.045302103040739894
0.04896304802969098
0.04585454100742936
0.05723183392547071
0.05757547402754426
0.050306365825235844
0.06367196794599295
0.06627522804774344
0.053208115976303816
0.048031155951321125
0.04824046790599823
0.046701860846951604
0.04767918703146279
0.05439030705019832
0.052107725059613585
0.05066678090952337
0.05181940202601254
0.0550527919549495
0.04715899983420968
0.05498260189779103
0.04948985599912703
0.05015854490920901
0.06474954797886312
0.04790657898411155
0.045689813094213605
0.04632652411237359
0.04871148895472288
0.04781324998475611
0.046826086938381195
0.04570816201157868
0.046628399984911084
0.04927918408066034
0.04535003984346986
0.048560752999037504
0.0443252760451287
0.047413292806595564
0.0487462249584496
0.060427804943174124
0.05147348600439727
0.04765469906851649
0.04975080699659884
0.04916087887249887
0.05092741292901337
0.04814306413754821
0.04938869085162878
0.04314934113062918
0.0483392970636487
0.04992588306777179
0.04617398791015148
0.05127283604815602
0.05584198911674321
0.05117028020322323
0.0482456109020859
0.046221144031733274
0.05550773208960891
0.052817834075540304
0.051571778021752834
0.05964633519761264
0.04682792886160314
0.04867088492028415
0.04862678796052933
0.0489286829251796
0.04864407703280449
0.04526387597434223
0.04546651500277221
0.048498614924028516
0.05204996094107628
0.04919605702161789
0.04847548296675086
0.04739772900938988
0.04664995498023927
0.05266515305265784
0.0440952661447227
0.047424094984307885
0.04774752305820584
0.04633955005556345
0.04600152699276805
0.05064099794253707
0.048760682111606
0.05063278297893703
0.04715361609123647
0.045057547045871615
0.04898637905716896
0.047022073063999414
0.04860392492264509
0.047054284950718284
0.05375401605851948
0.04911089804954827
0.057930674171075225
0.04569524503313005
0.04624834610149264
0.052912887185811996
0.05052945902571082
0.048585197888314724
0.048033107072114944
0.05396958580240607
0.04642693395726383
0.06303916685283184
0.053098761942237616
0.05206100712530315
0.046884972834959626
0.05129202990792692
0.048484529135748744
0.04663961287587881
0.05651179701089859
0.04853507108055055
0.05618199985474348
0.046492859022691846
0.04970536986365914
0.05008929898031056
0.046309296041727066
0.0522624219302088
0.04961122805252671
0.04867445398122072
0.04846390709280968
0.04480504197999835
0.05206158594228327
0.049533478915691376
0.04876199387945235
0.04550477280281484
0.060040711890906096
0.049918274860829115
0.050011988962069154
0.05054998816922307
0.048400788102298975
0.05347492219880223
0.04614340607076883
0.051781849935650826
0.04686633893288672
0.04802329302765429
0.04350830800831318
0.0500565271358937
0.05260172998532653
0.06180724105797708
0.04933189996518195
0.05611120699904859
0.054032052867114544
0.04779517790302634
0.04969810089096427
0.047092108987271786
0.05309367715381086
0.05853448109701276
0.0476268099155277
0.05084120901301503
0.05127600091509521
0.05083470791578293
0.04940275219269097
0.049696462927386165
0.045879975194111466
0.045333493035286665
0.054359955014660954
0.051347535103559494
0.05615004408173263
0.05277848616242409
0.06422229507006705
0.05005072196945548
0.04663772415369749
0.046375254867598414
0.04781475989148021
0.052237302996218204
0.04584561404772103
0.05074641387909651
0.04715805593878031
0.052159702870994806
0.04637103481218219
0.04587981919758022
0.04886348801665008
0.046756176045164466
0.048841513926163316
0.047719462076202035
0.0482859390322119
0.05058440798893571
0.05393677297979593
0.04692065413109958
0.05541103892028332
0.05773877305909991
0.045994566986337304
0.047994953813031316
0.048189626075327396
0.046161897014826536
0.044608543161302805
0.04652788396924734
0.04811629303731024
0.05107318493537605
0.04737562010996044
0.045300490921363235
0.051013119984418154
0.047446019016206264
0.051763182040303946
0.05529320519417524
0.04605919006280601
0.048160688020288944
0.045930947875604033
0.04834311408922076
0.04802492703311145
0.04877061303704977
0.04679637006483972
0.046696305042132735
0.04736893787048757
0.050982041051611304
0.048262197989970446
0.04813718912191689
0.04560646694153547
0.05244402401149273
0.048036745050922036
0.04636540520004928
0.047336171846836805
0.06963744782842696
0.05087988497689366
0.05513617186807096
0.04928663093596697
0.05062168510630727
0.04791248217225075
0.049351457972079515
