Health check creation time
0.047792090801522136
0.03990595997311175
0.04034076607786119
0.04229880915954709
0.04169551283121109
0.04626480815932155
0.04027788480743766
0.04063080810010433
0.04873832897283137
0.04625867982394993
0.05095466715283692
0.0466099320910871
0.05213386006653309
0.05703492811881006
0.04433131800033152
0.04536998993717134
0.04339379398152232
0.04326696111820638
0.044355635065585375
0.04347295803017914
0.04365194495767355
0.04200208396650851
0.04237701301462948
0.04318501194939017
0.04315441404469311
0.04258688888512552
0.04107798100449145
0.039839306147769094
0.051023249980062246
0.04802207904867828
0.04779345588758588
0.049817384919151664
0.046719677047804
0.04577200789935887
0.053082633996382356
0.04963006707839668
0.044576141983270645
0.044200669042766094
0.04540895391255617
0.043305879924446344
0.046429398003965616
0.04933314095251262
0.04986510192975402
0.05482792388647795
0.04450022103264928
0.04605567501857877
0.04959140601567924
0.04865342006087303
0.04876828193664551
0.04877068498171866
0.04952969402074814
0.050751642091199756
0.048237493028864264
0.04548971191979945
0.0478938699234277
0.04689394007436931
0.050900558941066265
0.04339159093797207
0.056516352109611034
0.04392841481603682
0.04867224604822695
0.045176870888099074
0.0440338090993464
0.045517112128436565
0.04930026107467711
0.04608581983484328
0.045959155075252056
0.04850053018890321
0.047999714966863394
0.046419207006692886
0.04466252215206623
0.04676253395155072
0.05272754281759262
0.053451187908649445
0.04558914480730891
0.047799179796129465
0.046856647823005915
0.04693153593689203
0.04515238804742694
0.04600092791952193
0.047242739936336875
0.050025074975565076
0.049327366054058075
0.04770469292998314
0.046842023031786084
0.050568389939144254
0.05194077314808965
0.058005240047350526
0.04835675796493888
0.045534986071288586
0.045780282001942396
0.04847249807789922
0.050349120050668716
0.044976679841056466
0.04252817900851369
0.047495328821241856
0.045949029037728906
0.049156246008351445
0.04750150884501636
0.04665907914750278
0.05507921683602035
0.07157703582197428
0.04533983604051173
0.045959444949403405
0.046834654873237014
0.049847597954794765
0.04591847793199122
0.04674551007337868
0.04613450006581843
0.04898149683140218
0.04655894497409463
0.046490889973938465
0.04610718600451946
0.04773998912423849
0.04559756792150438
0.04743147920817137
0.047632965026423335
0.046915685990825295
0.05583453504368663
0.05048797186464071
0.04583863005973399
0.04886826407164335
0.04929065005853772
0.047098047100007534
0.046944897156208754
0.04879479785449803
0.044731859816238284
0.047735242173075676
0.05861562513746321
0.05346383806318045
0.05225737206637859
0.052466546883806586
0.04549995390698314
0.045181513065472245
0.04475393192842603
0.04677848285064101
0.054092803969979286
0.052605374017730355
0.05217158095911145
0.05292064091190696
0.04934885096736252
0.0439640621189028
0.04701675591059029
0.04547690809704363
0.045569674810394645
0.047590012894943357
0.04349149810150266
0.044548205798491836
0.045762594090774655
0.04752270202152431
0.049111702013760805
0.049691348103806376
0.04510165099054575
0.04642429784871638
0.04404461616650224
0.04580279299989343
0.05008115782402456
0.06312007899396122
0.04270444996654987
0.046908661955967546
0.046263476833701134
0.04771784599870443
0.04684313898906112
0.04570205812342465
0.04691697587259114
0.04671151703223586
0.04802204994484782
0.047044909093528986
0.046380369924008846
0.04303964017890394
0.042684026062488556
0.047577116871252656
0.04449684312567115
0.04516119509935379
0.044508684892207384
0.044427789049223065
0.04483864898793399
0.048496549017727375
0.052105276845395565
0.04211020190268755
0.04296699585393071
0.04492812813259661
0.04604371311143041
0.050240095937624574
0.04771823016926646
0.045253015821799636
0.04358979198150337
0.04514229902997613
0.04536551283672452
0.047973102889955044
0.046103761065751314
0.0487496901769191
0.04862339794635773
0.05017959512770176
0.046394739067181945
0.04375021415762603
0.04811291699297726
0.046527141937986016
0.04996135109104216
0.058031302876770496
0.05631436686962843
0.053222646936774254
0.05432417802512646
0.04573565791361034
0.04774485295638442
0.047082487028092146
0.04712912207469344
0.04564543394371867
0.043296282878145576
0.050881596049293876
0.04545343900099397
0.04731721291318536
0.04819592600688338
0.046576742082834244
0.05798050691373646
0.053801533998921514
0.048046868992969394
0.046641498105600476
0.045778927858918905
0.049819309962913394
0.04811777011491358
0.045966632198542356
0.04705488099716604
0.04910454689525068
0.04479257296770811
0.052834050031378865
0.04477632185444236
0.05009667086414993
0.04235927085392177
0.046220754040405154
0.04456559382379055
0.0464865539688617
0.047484700102359056
0.04612073302268982
0.04597796103917062
0.045910741202533245
0.052662797970697284
0.04728958592750132
0.05227990006096661
0.050776995019987226
0.049180141184479
0.04465258587151766
0.04324393509887159
0.0458337280433625
0.04535132087767124
0.04906753497198224
0.04737430391833186
0.04537026910111308
0.05679774400778115
0.04600906395353377
0.04680093890056014
0.04819493694230914
0.04677033913321793
0.047899744007736444
0.047379832016304135
0.04950314084999263
0.049523185938596725
0.053111037937924266
0.05970667814835906
0.060330739011988044
0.0726355710066855
0.05867123999632895
0.06776462192647159
0.04703146684914827
0.053274316946044564
0.055397541960701346
0.06080560898408294
0.06267468794248998
0.06605427991598845
0.055014828918501735
0.054429684998467565
0.05568202305585146
0.051590040093287826
0.04793731099925935
0.04788736696355045
0.052360169822350144
0.04894344904460013
0.05150327319279313
0.055002284003421664
0.07423402997665107
0.06487200898118317
0.05299006495624781
0.05037120194174349
0.06306133209727705
0.054083382012322545
0.05580596602521837
0.0531862280331552
0.04910878813825548
0.05114959995262325
0.049500552006065845
0.05156054510734975
0.052565583027899265
0.06442100298590958
0.050226232036948204
0.054046866949647665
0.05410374095663428
0.053473920095711946
0.04576169000938535
0.06022437708452344
0.053754729917272925
0.055211935890838504
0.05702176201157272
0.05715786409564316
0.05826788186095655
0.0492592160589993
0.04496012791059911
0.046716196928173304
0.045494223944842815
0.05074921203777194
0.05595392198301852
0.047906360821798444
0.046443275175988674
0.051231411984190345
0.05223733698949218
0.05316612287424505
0.0480534250382334
0.05541452602483332
0.05019994406029582
0.04631822579540312
0.04600879014469683
0.04986152588389814
0.04975576885044575
0.058767588110640645
0.052037656074389815
0.05325818993151188
0.051350484136492014
0.05428477888926864
0.05777023592963815
0.05311059416271746
0.057427142979577184
0.04505918710492551
0.046911663142964244
0.06361165991984308
0.047106032026931643
0.04594782809726894
0.048616956919431686
0.04721232200972736
0.05251985299400985
0.046014072839170694
0.05559898493811488
0.04411239316686988
0.05192861915566027
0.053156537003815174
0.048202744917944074
0.04590230598114431
0.046817257069051266
0.044509777100756764
0.04457289818674326
0.045014931820333004
0.048436010954901576
0.04527542996220291
0.04795415699481964
0.04738892405293882
0.0471159762237221
0.04638553014956415
0.05781500902958214
0.04971532500348985
0.04637221898883581
0.046928838128224015
0.046782264951616526
0.04753116890788078
0.04381861607544124
0.046636682003736496
0.04955864604562521
0.046868512872606516
0.04406671389006078
0.04199022985994816
0.04473745706491172
0.04535692394711077
0.04447930306196213
0.04443943686783314
0.04262292291969061
0.04712569992989302
0.0480465330183506
0.04459120589308441
0.06327977101318538
0.045179906068369746
0.0456599360331893
0.04705862095579505
0.04580754297785461
0.044247714104130864
0.046448750188574195
0.045304998056963086
0.047968061873689294
0.04767492110840976
0.046389814000576735
0.048577012959867716
0.0447285829577595
0.05243938695639372
0.047555279918015
0.04621606902219355
0.04577335994690657
0.04441456706263125
0.04238811298273504
0.04678647895343602
0.05184646393172443
0.04531519906595349
0.04981367406435311
0.04599071596749127
0.04453981900587678
0.043233877047896385
0.04859920800663531
0.047817466082051396
0.046180394012480974
0.04584436700679362
0.04596013901755214
0.058271790854632854
0.04614793602377176
0.044382194988429546
0.04708410589955747
0.04805066389963031
0.047798301093280315
0.045951001811772585
0.04705213708803058
0.05418437602929771
0.04484557802788913
0.048236985923722386
0.04780692793428898
0.049577288096770644
0.044014245038852096
0.046290146885439754
0.04963134787976742
0.0486754619050771
0.051116171991452575
0.049804838839918375
0.048500666161999106
0.04639627109281719
0.05660257302224636
0.043541490798816085
0.04730712785385549
0.04684921586886048
0.048080356093123555
0.04397322912700474
0.06073059793561697
0.04741034586913884
0.046009630896151066
0.048879131907597184
0.0466256330255419
0.04365651705302298
0.04652381897903979
0.046824936056509614
0.042341755935922265
0.044777571922168136
0.047048058127984405
0.05401796801015735
0.04966478794813156
0.05219999188557267
0.05639943783171475
0.052811639150604606
0.04943665908649564
0.05159432999789715
0.05787515197880566
0.04633021121844649
0.04608811507932842
0.04586561978794634
0.04316357709467411
0.04399284394457936
0.05017436994239688
0.04857156192883849
0.04741049790754914
0.04734705598093569
0.0479330881498754
0.04609079705551267
0.05143546499311924
0.0437679928727448
0.047085232799872756
0.04636486410163343
0.046905552968382835
0.048770247027277946
0.04955324297770858
0.04433912504464388
0.04482449917122722
0.04487235890701413
0.045694018015637994
0.04644217295572162
0.04700773302465677
0.04368699202314019
0.04375673597678542
0.048270056024193764
0.04831813299097121
0.047782508889213204
0.048015321837738156
0.048973628086969256
0.051429054932668805
0.05132373399101198
0.04738906002603471
0.044003295013681054
0.05409406102262437
0.0445442411582917
0.046274930937215686
0.0423170228023082
0.04431955795735121
0.045311663998290896
0.048785275081172585
0.04665321693755686
0.0456653549335897
0.045811221934854984
0.043647196143865585
0.045679845847189426
0.047589234076440334
