Health check creation time
0.04394705197773874
0.04215762089006603
0.03753106319345534
0.038947287015616894
0.04087888705544174
0.037779754027724266
0.04012733302079141
0.03768522595055401
0.04046947485767305
0.038056991063058376
0.036053202114999294
0.03903169697150588
0.048233333975076675
0.052569624967873096
0.04613566491752863
0.05293999193236232
0.05881045712158084
0.049200055887922645
0.04635294689796865
0.04800073383376002
0.0490670851431787
0.0480584108736366
0.04629467916674912
0.04779548407532275
0.049300548853352666
0.04743451508693397
0.04652992892079055
0.04841791186481714
0.052713487995788455
0.0474097749684006
0.04583090008236468
0.044002322014421225
0.054967272095382214
0.0545680089853704
0.04969936399720609
0.05050287791527808
0.04878163896501064
0.047391238156706095
0.04753608093596995
0.044460852863267064
0.04585626209154725
0.0495542217977345
0.045594526920467615
0.04793726094067097
0.04629802796989679
0.04679497890174389
0.04556781402789056
0.04976608511060476
0.04608022095635533
0.04861447517760098
0.0606620660983026
0.0485193592030555
0.04724205005913973
0.05581396701745689
0.052155225072056055
0.054006736958399415
0.05656312289647758
0.05417342693544924
0.048148310044780374
0.053200362948700786
0.04784423904493451
0.04928517993539572
0.04469693289138377
0.05049876682460308
0.04960486409254372
0.04650096199475229
0.0473342330660671
0.04924667184241116
0.04864012007601559
0.04434991697780788
0.04776352900080383
0.047535983845591545
0.046309541910886765
0.04995294287800789
0.0490579679608345
0.048759279074147344
0.04517927812412381
0.04925712896510959
0.04872905812226236
0.04670010693371296
0.04587222612462938
0.04780040308833122
0.04554898897185922
0.060776517959311604
0.0498538629617542
0.0508124940097332
0.04820628184825182
0.055163159035146236
0.04859281494282186
0.04974363790825009
0.04950204794295132
0.04920858796685934
0.047719514928758144
0.04984284983947873
0.05511978501453996
0.05431535793468356
0.04728628392331302
0.051506755873560905
0.04599499492906034
0.058073738822713494
0.04924474889412522
0.05498221213929355
0.058975287014618516
0.057313641998916864
0.05867637414485216
0.04742743982933462
0.04846884706057608
0.05347715085372329
0.04704830306582153
0.04737889603711665
0.05162017489783466
0.04895682097412646
0.05138495401479304
0.04963320307433605
0.06374311493709683
0.05387078388594091
0.05702524888329208
0.04774831607937813
0.04630149411968887
0.05099937901832163
0.05328376102261245
0.0532000029925257
0.047150325030088425
0.04497679998166859
0.050185360945761204
0.046676551923155785
0.048473217990249395
0.04926833789795637
0.04462437587790191
0.06608508713543415
0.045016459887847304
0.051881917053833604
0.0454649159219116
0.04842647397890687
0.0526013420894742
0.06580128311179578
0.05012795701622963
0.05288252094760537
0.05148709402419627
0.04755615396425128
0.04727389803156257
0.04670519405044615
0.05100210499949753
0.048112303018569946
0.05832079402171075
0.049481406109407544
0.05020227003842592
0.04734972002916038
0.05092614097520709
0.04859495582059026
0.048277141992002726
0.0523742800578475
0.04773365007713437
0.049153117928653955
0.04808586393482983
0.05618634098209441
0.04595043114386499
0.04699960281141102
0.04761217604391277
0.05720692593604326
0.04987268289551139
0.05040767299942672
0.050422225845977664
0.04924420081079006
0.04797435714863241
0.046881542075425386
0.050246855011209846
0.04877529898658395
0.05101522896438837
0.051747472025454044
0.052600312046706676
0.053229509154334664
0.049279124941676855
0.05694314604625106
0.059554532868787646
0.05219415109604597
0.05397793208248913
0.043500030878931284
0.044499516021460295
0.04460467188619077
0.047809669049456716
0.03965868288651109
0.04344029212370515
0.04038822092115879
0.04157327814027667
0.04461787501350045
0.04091760818846524
0.05613677715882659
0.04080006014555693
0.03545681806281209
0.03361493209376931
0.0338032809086144
0.03532849298790097
0.03094592597335577
0.033470964059233665
0.03354956698603928
0.03149348101578653
0.0326941660605371
0.0333489750046283
0.031297741923481226
0.03244111896492541
0.033030138118192554
0.04364395514130592
0.047376014990732074
0.04559713997878134
0.05061931489035487
0.04747203388251364
0.05484920600429177
0.051310949958860874
0.05491040111519396
0.05385469598695636
0.04906722018495202
0.05256577697582543
0.04739309195429087
0.04684289498254657
0.04693649196997285
0.05641222302801907
0.05231899907812476
0.0524982491042465
0.049151403130963445
0.047112842090427876
0.04473713203333318
0.046486124163493514
0.048137767938897014
0.04942079493775964
0.0459018349647522
0.04748583002947271
0.05063292197883129
0.04844095301814377
0.04793111002072692
0.055360177997499704
0.05276059592142701
0.05592555203475058
0.046110498951748013
0.04964066110551357
0.055179130053147674
0.05254511418752372
0.05962692596949637
0.05719426297582686
0.04732366488315165
0.05210431898012757
0.051228662952780724
0.047712747007608414
0.048308354103937745
0.05812687496654689
0.057504548924043775
0.05665028095245361
0.05219837813638151
0.06048821099102497
0.04468960198573768
0.058236157055944204
0.05032168794423342
0.05033050919882953
0.05004088603891432
0.04522256902419031
0.045804322930052876
0.05042096390388906
0.05112989479675889
0.050083091016858816
0.0504903020337224
0.05090202018618584
0.04810173809528351
0.047891963040456176
0.055867966962978244
0.04933484201319516
0.04908223799429834
0.059669279027730227
0.054862322052940726
0.04767693788744509
0.04607508308254182
0.05549513106234372
0.04707290907390416
0.05458754301071167
0.058135622879490256
0.0642563661094755
0.04683603602461517
0.049580704187974334
0.04645143891684711
0.0463761268183589
0.04359799181111157
0.048552155029028654
0.050020738039165735
0.04731325479224324
0.06810261006467044
0.04713194188661873
0.049575421027839184
0.048356172163039446
0.04692210885696113
0.04723175801336765
0.05059299315325916
0.05277659697458148
0.049038164084777236
0.04983309004455805
0.04649830004200339
0.04297181707806885
0.04674413101747632
0.05309152603149414
0.04993765591643751
0.053126668091863394
0.05930404202081263
0.05144026689231396
0.05619731405749917
0.049234926933422685
0.05371258198283613
0.045551333809271455
0.05105250212363899
0.05144163896329701
0.05046825506724417
0.05623174901120365
0.04971588798798621
0.05150283593684435
0.04683661297895014
0.05909635592252016
0.04862913698889315
0.04652959597297013
0.0524067438673228
0.044521477073431015
0.060464886017143726
0.04616785212419927
0.04656956507824361
0.051560427993535995
0.05080215213820338
0.04896362102590501
0.04657841706648469
0.047849718015640974
0.051442839205265045
0.04714892408810556
0.047368597937747836
0.051423938013613224
0.04802013002336025
0.051797652849927545
0.04661382595077157
0.051034766947850585
0.048650454031303525
0.04481392400339246
0.0454088959377259
0.05689253401942551
0.05412971810437739
0.050327915931120515
0.06868559797294438
0.048125833040103316
0.06029530707746744
0.05944519583135843
0.050490636145696044
0.048445018008351326
0.04862760007381439
0.04870345210656524
0.04989574779756367
0.05312312417663634
0.05018915398977697
0.05167080205865204
0.04765338497236371
0.04474384477362037
0.05024592182599008
0.045218571089208126
0.045742649119347334
0.051745793083682656
0.04456917895004153
0.048189166001975536
0.046015358064323664
0.04824567399919033
0.07246380997821689
0.04689956596121192
0.05789173417724669
0.04955535405315459
0.0620058320928365
0.05168043193407357
0.04526457889005542
0.048250979045405984
0.048930316930636764
0.047511238837614655
0.055837739957496524
0.05555401090532541
0.0497374408878386
0.04644373990595341
0.04927704483270645
0.05085095507092774
0.05252581206150353
0.04744885303080082
0.04718374996446073
0.04916857089847326
0.047920343931764364
0.050277688074857
0.06302298791706562
0.053326819092035294
0.05152926407754421
0.04784983489662409
0.05020156712271273
0.0495968721807003
0.04683105298317969
0.05322720715776086
0.046522364020347595
0.0545239148195833
0.045383200980722904
0.05182398296892643
0.047623680206015706
0.048386604990810156
0.04568567010574043
0.04620681190863252
0.048419464845210314
0.05116955703124404
0.04633976914919913
0.04274181998334825
0.04714508797042072
0.04509642790071666
0.047093407018110156
0.051026480039581656
0.05697193508967757
0.052305656019598246
0.06866490794345737
0.04684739583171904
0.04680274706333876
0.043588157976046205
0.047762728994712234
0.04424950201064348
0.04463004902936518
0.05024632788263261
0.05012534512206912
0.04661545995622873
0.05020332592539489
0.0488233040086925
0.04433331987820566
0.04704344482161105
0.04905926901847124
0.043930052081122994
0.049436184111982584
0.04545383504591882
0.04738472308963537
0.05545222689397633
0.046480723191052675
0.044633121928200126
0.04827948589809239
0.04507349897176027
0.041367305209860206
0.04670859407633543
0.044375404017046094
0.04517780104652047
0.05656817113049328
0.044539691181853414
0.04398504295386374
0.045046200044453144
0.046589836943894625
0.04521885002031922
0.046800144016742706
0.049495291197672486
0.04469239804893732
0.04529874701984227
0.044819672126322985
0.04972882498987019
0.055589716183021665
0.049008244182914495
0.050173113122582436
0.04836325696669519
0.050324134062975645
0.04654544196091592
0.046924015041440725
0.03996417298913002
0.038673738949000835
0.04395476612262428
0.04293185193091631
0.04001607606187463
0.041501993080601096
0.04235596093349159
0.0455596128012985
0.042304070899263024
0.04276211792603135
0.05129292490892112
0.051358504919335246
0.05188744096085429
0.05480633210390806
0.06319139385595918
0.045089541003108025
0.041576098185032606
0.04456995683722198
0.048041390953585505
0.04130041413009167
0.044040129985660315
0.05599254393018782
0.04176594503223896
0.048859742004424334
0.047486332012340426
0.04346433491446078
0.04945162404328585
0.05306414281949401
0.04716546507552266
0.04690747777931392
0.04358884901739657
0.047554170014336705
0.04620093503035605
0.04814083594828844
0.04793692007660866
0.045303241116926074
0.04608208406716585
0.04884471697732806
0.04447494191117585
0.04695728397928178
0.04722047899849713
0.048481694888323545
0.05269792699255049
0.052188344998285174
